0.282947
0.279045
0.280124
0.28395
0.28005
0.282004
0.282305
0.279577
0.27893
0.28041
0.28197
0.279987
0.280353
0.277542
0.278471
0.279918
0.281815
0.282717
0.278633
0.279941
0.281642
0.280234
0.279502
0.281578
0.277966
0.280015
0.282252
0.281244
0.281582
0.281929
0.280565
0.278432
0.283333
0.279353
0.280566
0.28289
0.279596
0.284072
0.278539
0.28114
0.27877
0.283391
0.280996
0.281053
0.280307
0.279286
0.280345
0.27999
0.281361
0.279578
0.279398
0.281617
0.279102
0.279881
0.282966
0.281091
0.280001
0.282453
0.281798
0.280929
0.284222
0.281313
0.279014
0.283945
0.278319
0.282117
0.280509
0.281164
0.279546
0.281226
0.281369
0.280253
0.280904
0.280504
0.281514
0.280377
0.27859
0.280051
0.281459
0.279691
6.92135e-05
0.282082
0.277149
0.281997
0.27917
0.279683
0.279193
0.28059
0.279058
0.27862
0.279712
0.278014
0.278918
0.281498
0.279741
0.278184
0.279072
0.278871
0.27999
7.80909e-05
0.277659
0.280334
0.280362
0.27907
0.280236
0.279205
0.27896
0.277398
0.282589
0.278964
0.28023
2.8397e-05
0.282046
0.280723
0.27928
0.278461
0.280248
0.278852
0.281563
0.278108
0.281194
0.281061
0.279231
0.282082
0.278846
0.280159
0.279355
0.282014
0.280016
0.278912
0.280726
0.280579
0.278057
0.278397
0.28116
0.278468
0.280317
0.27993
0.282487
0.281533
0.27992
0.279893
0.278771
0.279913
3.01707e-05
0.280703
0.281162
0.28102
3.01708e-05
3.19458e-05
0.28098
0.282463
0.282004
0.280329
0.279406
0.280766
0.278722
0.279185
0.281424
0.279163
0.278186
0.281045
0.280189
0.282233
0.280368
0.279478
0.273584
0.280654
0.280688
0.282133
0.279292
0.281632
0.27825
0.280323
0.278872
0.277527
0.281607
0.279285
0.280185
4.61429e-05
0.282244
0.27862
0.278448
0.280242
0.282086
0.281513
0.282767
0.276841
0.280281
0.277109
0.280604
0.278634
0.282903
0.283347
0.277999
0.279631
0.281109
0.279852
0.280377
0.279725
0.281019
0.280797
0.281579
1.95234e-05
0.280029
0.280343
0.282237
0.277843
0.279772
0.280835
0.281163
0.280744
0.279414
0.281151
0.282043
0.28233
0.28049
0.280437
0.280658
0.281353
0.277678
0.279894
0.279412
0.28117
0.280775
0.279431
0.280966
0.279971
0.279238
0.280805
0.282577
0.282416
0.282346
0.280358
0.282459
0.277877
0.279648
0.280749
0.281268
0.279682
0.28123
6.21158e-05
0.279201
0.279764
0.280505
0.280306
0.281249
0.28291
0.280702
0.280389
0.28335
0.278614
0.279459
0.276228
0.278196
0.279674
0.281818
0.278681
0.280741
0.279293
0.282653
0.279228
0.279515
2.12983e-05
0.281295
0.282333
0.281769
0.28134
0.281183
0.281814
0.279326
0.28027
0.278473
0.282299
0.28078
0.282072
0.279147
0.280932
0.27853
0.279389
0.276724
0.27994
0.277065
0.278033
0.28059
0.276828
0.278669
0.282601
0.279405
0.277915
0.278285
0.281583
0.280629
0.278864
0.280836
0.282518
0.278906
0.280141
0.281164
0.279327
0.278715
0.279494
0.279567
0.2792
0.280134
0.281334
0.281825
0.28139
0.27894
0.28176
0.279243
0.279702
0.280291
0.278507
0.282114
0.278572
0.277861
0.281629
0.278347
0.278561
0.279931
0.281146
0.281382
0.279744
0.2787
0.281827
0.277797
0.277408
0.282877
0.284572
0.278671
0.278187
0.281941
0.280752
0.279421
0.279785
0.283629
0.282663
0.278903
0.282642
0.277954
0.280499
0.28199
0.281251
0.279212
0.281807
0.280207
0.27925
0.281483
0.280796
0.280273
0.28165
0.279145
0.279025
0.280855
0.280404
0.281232
0.280526
0.281935
0.281356
0.279784
0.281677
0.27959
0.280897
0.279062
0.277654
0.282665
0.280928
0.28364
0.279396
0.280518
0.279289
0.281725
3.54961e-05
0.282105
0.279384
0.284957
0.280254
0.279167
0.282116
0.279076
0.277361
0.280202
0.281648
0.281726
0.281595
0.281779
0.280746
0.280526
0.280486
0.280553
0.280325
0.283108
0.281664
0.278912
0.279118
0.280919
0.279247
0.279914
0.280716
0.281868
0.280292
0.279353
0.278796
0.276323
0.281561
0.280147
0.283429
0.279601
0.277025
0.281113
0.281823
0.282569
0.280494
0.278639
0.279808
0.283792
0.28086
0.281718
0.276502
0.279666
0.28081
0.284074
0.280404
0.278881
0.282562
0.278661
0.280836
0.27987
0.278127
0.280801
0.283366
0.278457
0.277766
0.283114
0.278371
0.279689
0.280329
0.280164
0.280783
0.279893
0.279436
0.279532
0.280134
0.282168
0.279413
0.280616
0.280878
0.281599
0.283059
0.281032
0.27904
0.282181
0.279479
0.281143
0.280612
0.280179
0.280312
0.281886
0.278527
0.277754
0.277179
0.278489
0.280497
0.282484
0.278134
0.282603
0.280903
0.281774
0.278919
0.280142
0.280057
0.27969
0.280636
0.282985
0.279391
0.281149
0.282512
0.279509
0.280893
0.278437
0.281366
0.280104
0.282088
0.279357
0.279913
0.280703
0.280569
0.279309
0.27689
0.281206
0.282096
0.281112
0.280082
0.28059
0.280921
0.280074
0.282303
0.280559
0.2799
0.280585
0.279265
0.28173
0.278737
0.281639
0.279506
0.278985
0.281455
0.27862
0.28054
0.28089
0.279979
0.280453
0.279959
0.2809
0.279986
0.278799
0.28022
0.280787
0.282068
0.282306
0.283705
0.278463
0.281728
0.282441
0.279897
0.277762
0.278736
0.280526
0.281091
0.28205
0.278692
0.28032
0.282045
0.280043
0.280039
0.280933
0.279801
0.281876
0.283386
0.278891
0.281136
0.280829
2.6622e-05
0.280577
0.279591
0.278488
0.278812
0.281294
0.283128
0.280667
2.48466e-05
0.278612
0.279052
0.279673
0.27935
0.279381
0.280587
0.282032
0.281115
0.279217
0.28143
0.281311
0.277994
0.277577
0.279972
0.280886
0.279038
0.279977
0.280506
0.281332
0.280108
0.279359
0.280189
0.280965
0.282772
0.280428
0.279672
0.280917
0.280653
0.279126
0.282171
0.279944
0.28142
0.278842
0.279974
0.281428
5.14703e-05
0.279834
0.282086
0.281291
4.08207e-05
0.282094
0.277952
0.281273
0.280044
0.279597
0.280284
0.279398
0.280182
0.27964
0.282323
0.281886
0.279253
0.281452
0.27966
0.277883
0.27698
0.28031
0.27786
0.280834
0.282135
0.279682
0.276641
0.27979
0.281163
0.279245
0.279146
0.280587
0.279327
0.280662
0.278451
0.280027
0.278885
0.280656
0.279244
0.281503
0.278128
0.279556
0.281467
0.281612
0.282618
0.279701
0.279981
0.283543
0.279104
0.277724
0.279693
0.280398
0.280514
0.27962
0.279012
0.280157
0.281469
0.279814
0.277924
0.279685
0.278192
0.278648
0.281375
0.281045
0.282136
0.281584
0.279664
0.280798
0.280587
0.281004
0.281344
0.279428
0.283341
0.280017
4.61453e-05
0.281636
0.280818
0.280281
0.277887
0.278251
0.280913
0.281068
0.280678
0.2803
0.27776
0.277701
0.282073
0.276412
0.280865
0.279398
0.281432
0.279156
0.281704
0.281251
0.277798
0.281052
0.28029
0.281041
0.279576
0.281088
0.279407
0.282643
0.281416
0.279285
0.282292
0.281462
0.281477
0.280296
0.280763
0.279831
0.279947
0.28118
0.279025
0.278992
0.279716
0.277866
0.278817
0.280675
0.281323
0.277386
0.277746
0.280752
0.282332
0.278632
0.281429
0.282459
0.286112
0.281454
0.27888
0.282999
0.279179
0.28094
0.280296
0.281151
0.277796
0.281437
0.280982
0.279809
0.278409
0.280911
0.282317
2.48464e-05
0.277921
2.12971e-05
0.281967
0.279459
0.277445
0.278333
0.280696
0.281427
0.278128
0.281762
0.280648
0.280784
0.277666
0.280749
0.280557
0.278889
0.280289
0.281623
0.280416
0.27951
0.282982
0.278367
0.280982
0.278125
0.281832
0.279298
0.279676
0.285462
0.279617
0.279551
0.28184
0.280435
0.281014
0.278589
0.28155
0.28101
0.279284
0.28274
0.281505
0.283907
0.280304
0.281049
0.283338
0.278394
0.281287
0.281911
0.27945
0.283178
0.280629
0.282041
0.277605
0.28059
0.278981
0.282526
0.281165
0.279593
0.281345
0.278226
0.280987
0.278387
0.279565
0.280993
0.283941
0.277516
0.27978
0.279955
0.280674
0.280354
0.280948
0.281851
0.281209
0.281489
0.277215
0.280201
0.277541
0.280085
0.281103
0.279869
0.283819
0.28086
0.281378
0.280079
0.282249
0.281641
0.281363
0.282202
0.281127
0.280911
0.28072
0.277737
4.96923e-05
0.280836
4.25924e-05
0.282152
0.2791
0.282243
0.281876
0.279435
0.278589
0.281852
0.281713
0.279843
0.28216
0.280552
0.280549
0.277219
0.281024
0.278966
0.280907
0.280533
0.279872
2.66207e-05
0.282347
0.280392
0.280831
0.281118
0.279549
0.279767
0.279091
0.28025
0.279588
0.281605
0.281729
0.282017
0.279954
0.281164
0.280208
0.279783
0.280345
0.280432
0.279569
0.280417
3.90448e-05
0.281862
0.280403
0.281957
0.282299
0.282476
0.283224
0.278975
0.280036
0.279687
0.279412
0.28131
0.280311
0.279728
0.28061
0.284838
0.279311
0.28129
0.277709
0.282514
0.282157
0.281875
0.278541
0.285634
0.277992
0.279722
0.280436
0.281511
0.280447
0.280704
0.284055
0.278836
0.282654
0.280142
0.278746
0.278178
0.280572
0.280282
0.280618
0.280372
0.279223
0.280505
0.280363
0.282377
0.277807
0.279795
0.281566
0.282136
0.282156
0.27993
0.282057
0.280805
0.279919
0.278773
0.280939
0.279072
0.278393
0.280603
0.280077
0.284019
0.281685
0.27933
0.282765
0.279846
0.280838
0.281467
0.280641
0.281408
0.280357
0.282081
0.278606
0.281681
0.283506
0.278643
0.278854
0.281332
0.281554
0.281006
0.280775
0.278354
0.281748
0.280556
0.280355
0.277752
0.279076
0.278747
0.282389
0.281283
0.282828
0.281516
0.279961
1.41985e-05
0.285012
0.280559
0.279804
0.27727
0.275005
0.280548
0.281756
0.281571
0.282025
0.280426
0.282771
0.283806
0.280341
0.280733
0.279927
0.279451
0.282273
0.280874
0.27643
0.279043
0.279867
0.28097
0.27733
0.279962
0.280668
0.277213
0.278923
0.27897
0.277538
0.280055
0.284652
0.281312
0.278534
0.279386
0.278767
0.278127
3.54944e-05
0.28387
0.279045
0.278985
0.282309
0.279863
0.279315
0.281397
0.282686
0.279075
0.279844
