0.268977
0.271553
0.271644
0.272143
0.269837
0.270096
0.272201
0.269698
0.268366
0.271866
0.267935
0.26847
0.271689
0.269969
0.26778
0.270702
0.268849
0.268655
0.269575
0.269951
0.269781
0.272821
0.270075
0.272452
0.267277
0.270508
0.272603
0.269819
0.270652
0.268559
0.270113
0.268536
0.26957
0.267305
0.270192
0.271572
0.271212
0.273359
0.269704
0.271549
0.268554
0.272351
0.268363
0.27088
0.271666
0.272813
0.269787
0.271541
0.268195
0.266681
0.270829
0.270866
0.269298
0.269498
0.272431
0.269225
0.27161
0.270491
2.48474e-05
4.43685e-05
0.273005
0.271268
0.270731
0.273925
0.268862
0.273829
0.271415
0.270811
0.268355
0.268754
0.26972
0.273012
0.27239
0.272105
0.270343
0.268692
0.270048
0.273195
0.270542
0.267271
0.271966
0.270575
0.270243
0.271898
0.267141
0.269986
0.272242
0.270177
0.272637
0.270703
0.268274
0.270379
0.270186
0.267691
0.269519
0.2701
0.269006
0.270198
0.269372
0.271364
0.266466
0.269458
0.26984
0.268716
0.268083
0.271554
0.271333
0.268802
0.271939
0.271086
0.27304
0.271531
0.271395
0.270625
0.268422
0.269108
0.268685
0.270375
0.272295
0.26794
0.26827
0.268656
0.268614
0.270835
0.269852
0.269598
0.266929
0.270417
0.268254
0.267964
0.269357
0.270719
0.269297
0.271031
0.272132
0.270821
0.268613
0.267233
0.268841
0.271962
0.268366
0.270751
0.267799
0.269958
0.271821
0.270172
0.27084
0.271503
0.272604
0.267947
0.271966
0.272778
0.269157
0.271731
0.270577
0.268929
0.26821
0.266987
0.271881
0.267924
0.269713
0.267686
0.270502
0.271783
0.271555
0.267929
0.271802
0.271085
0.270875
0.269025
0.269158
0.269587
0.269259
0.271231
0.271339
0.268547
0.268843
0.268604
0.271035
0.268309
0.270069
0.246422
0.273139
0.270037
0.270786
0.272905
0.271542
0.268724
0.26833
0.269834
0.270346
0.269634
0.270961
0.272018
0.268286
0.268205
0.272329
0.272391
0.270404
0.269231
0.269472
0.268702
0.271431
0.269437
0.270468
0.270532
0.269257
0.269303
0.272068
0.269097
0.268976
0.272316
0.268583
0.270597
0.273167
0.271427
0.270663
0.267238
0.272879
0.269105
0.266657
0.267957
0.269076
0.272543
0.27273
0.270257
0.270233
0.268589
0.271845
0.268238
0.273051
0.271823
0.271356
0.274572
0.269625
0.269475
0.269251
0.270228
0.26772
0.269493
0.271199
0.271957
0.271676
0.268908
0.273149
0.272458
0.271697
0.270775
0.271401
0.272165
0.270569
0.271319
0.267506
0.268627
0.270961
0.270399
0.271464
0.271938
0.269871
0.268804
0.275091
0.269653
0.270418
0.271178
0.27101
0.26945
0.27142
0.269859
0.27011
0.272631
0.2712
0.26949
0.270325
0.269966
0.270057
0.270396
0.267576
0.269231
0.26777
0.269583
0.269341
0.268523
0.266145
0.268973
0.270715
0.271131
0.270389
0.269906
8.34139e-05
0.270737
0.269033
0.27053
0.270233
0.268538
0.271304
1.59731e-05
0.270141
0.271633
0.270454
0.272278
0.269921
0.269342
0.272093
0.271265
0.271285
0.27092
0.272865
0.271589
0.268462
0.271528
0.272412
0.270117
0.269538
0.269541
0.272175
0.271228
0.27224
0.268001
0.268101
0.267877
0.27079
0.267985
2.66225e-05
0.269757
0.26877
0.270333
0.268762
0.270974
0.270265
0.271299
0.269803
0.268439
0.270429
0.270914
0.270702
0.271045
0.269279
0.271622
0.270906
0.270006
0.272498
1.59731e-05
0.271921
0.270662
0.268351
0.270442
0.267947
0.270587
0.272712
0.27188
0.268547
0.27185
3.54956e-05
0.26912
0.269679
0.269739
0.269879
0.268876
0.272623
0.269474
0.270013
0.270273
0.269921
0.269531
0.269526
0.270333
0.271911
0.269758
0.27403
0.272212
0.270253
0.271134
0.270208
0.268099
0.270463
0.271552
0.27455
0.273272
0.269002
0.272089
0.27082
0.267855
0.271824
0.270753
0.272232
3.37202e-05
0.270151
0.268227
0.270243
0.267924
0.271621
0.270484
0.268743
0.270736
0.265764
0.270909
0.271514
0.271372
0.271981
0.270646
0.269461
0.270852
0.270927
0.270878
0.266294
8.874e-06
0.270592
0.271688
0.268468
0.268292
0.270569
0.271787
0.269319
0.270134
0.271169
0.27018
0.27114
0.270624
0.269584
0.272191
0.272601
9.05122e-05
0.270873
0.271305
0.269931
0.270301
0.26924
0.271092
0.269101
0.269147
0.272323
0.27049
0.272847
0.268556
0.272139
0.267827
0.270703
0.271728
0.271747
0.269169
0.270209
0.267319
0.271345
0.270098
0.272863
0.269573
0.271577
2.83959e-05
0.270633
0.272488
0.27238
0.27279
0.270466
0.268975
0.263044
0.2711
0.268581
0.268578
0.270786
0.271787
0.271906
7.45434e-05
0.269945
0.271496
0.272558
0.268095
0.273166
0.269678
0.271468
0.272975
0.272251
0.271265
0.271088
0.270582
0.270778
0.270924
0.269679
0.271796
0.27303
0.271937
0.269391
0.273382
0.271508
0.271026
0.267809
0.269643
0.270753
0.270916
0.270795
0.269651
0.271741
4.61399e-05
0.271576
0.271621
0.268533
0.268519
0.268003
0.272637
0.27028
0.268606
0.268994
0.269736
0.269681
0.268081
0.269478
0.269159
0.271094
0.270152
0.26831
0.269104
0.271072
0.272951
0.269597
0.270173
0.2682
0.270058
0.26563
0.269677
0.267683
0.270783
0.269441
0.274211
0.270391
0.270758
0.273938
0.269809
0.269348
0.269552
0.268483
0.267579
0.274036
0.267958
0.270743
0.27095
0.269322
0.27176
0.267285
0.271967
0.271297
0.272072
0.270207
0.271106
0.268539
0.268875
0.270163
0.268101
0.267219
0.271674
0.269749
0.271274
0.270338
0.270113
0.26862
0.26914
0.269308
0.270833
0.270289
0.269685
0.272659
0.267224
0.270187
0.268496
0.270338
0.269
0.269352
0.267904
0.272676
0.270436
0.269075
0.270668
0.270515
0.270045
0.268156
0.267996
0.271165
0.270536
0.270798
0.26902
0.270197
0.270576
0.270176
0.268576
5.32426e-05
0.270976
0.266908
0.270676
0.270157
0.270002
0.271019
0.268843
0.268737
0.270572
0.268696
0.267956
0.271501
0.267184
0.26807
0.268796
0.268109
0.272744
0.27116
0.268961
0.272985
0.27228
0.273374
0.269371
0.268603
0.267814
0.270162
0.268006
0.268475
0.270848
0.270373
0.270281
0.27191
0.269974
0.271255
0.269042
0.272015
0.270624
0.270318
0.270807
4.61431e-05
0.270676
0.266287
0.270876
0.269908
0.271011
0.27107
0.271269
0.271008
0.269581
0.26811
0.267538
0.259731
0.269816
0.271615
0.270201
0.269662
0.270792
0.272431
0.271822
0.270968
0.268808
0.268805
0.269132
0.271924
0.272229
0.269464
0.271697
0.271033
0.271151
0.269626
0.270065
0.270016
0.269111
0.270096
0.271977
0.270105
0.271927
0.271833
0.27118
0.271578
0.267602
0.268381
0.270034
0.26979
0.271669
0.269697
1.95231e-05
0.270075
0.268698
0.268735
0.274033
0.266772
6.56657e-05
0.271259
0.270159
0.271645
0.270837
0.27012
3.37194e-05
0.266749
0.269552
0.270535
0.269875
0.26916
0.271147
8.8739e-06
0.271021
0.268295
0.271442
0.272872
0.270044
0.270391
0.270138
0.270442
0.272459
0.271531
0.270281
0.271052
0.270003
0.26968
0.266982
0.269844
0.270535
0.266798
0.271741
0.268796
0.271421
0.27209
0.271854
0.271335
0.271897
0.2712
0.269889
0.272773
0.270422
0.270494
0.270628
0.269358
0.269514
0.268889
0.271697
0.266889
0.270067
0.272431
0.272422
0.267977
0.268172
0.26721
0.270124
0.268969
0.268307
0.266856
0.271147
0.27041
0.271876
0.269844
0.271111
0.269432
0.268196
0.271657
0.269374
0.269202
0.269287
0.270175
0.270462
0.271566
0.270993
0.271843
0.271519
0.270389
0.272457
0.266248
0.270961
0.273225
0.269363
0.269204
0.27002
0.272543
0.269391
0.266776
0.270738
0.270636
0.268332
0.271632
0.271348
0.270733
0.270929
3.90437e-05
0.269741
0.270576
0.272169
0.271178
0.268381
0.273584
0.271645
0.272399
0.269575
0.268758
0.268785
0.27244
0.269517
0.267844
0.272454
0.268829
0.270879
0.266954
0.270004
0.271814
0.270313
0.270202
0.268134
0.272308
0.271691
0.26926
0.270154
0.269829
0.269416
0.26987
0.268301
0.271072
0.270719
0.268998
0.272569
0.268306
0.270496
0.270175
0.269359
0.270181
0.271645
0.266482
0.273229
0.270611
0.27055
0.270633
0.271261
0.266138
0.26837
0.27288
0.268721
0.272196
0.269295
0.271376
0.271602
0.270978
0.267944
0.272423
0.270971
0.270479
0.273162
0.270971
0.270452
0.267816
0.270606
0.269964
0.271719
0.271751
0.271576
0.269864
0.270119
1.41988e-05
0.270431
0.270233
0.270047
0.272502
2.12965e-05
0.270874
0.271772
0.271583
0.271548
0.270767
0.269229
0.270698
0.270199
0.268809
0.268474
0.268549
0.270516
0.273442
0.270149
0.270916
0.272667
0.272649
0.271443
0.272085
0.271468
0.271097
0.269414
0.268433
0.268722
0.271945
0.27009
0.269064
0.271356
0.273836
0.270491
0.271284
0.269923
0.270701
0.270572
0.27186
0.26788
0.271849
0.268662
0.271487
0.272497
0.269416
0.269946
0.26868
0.26992
0.271925
0.27254
0.270438
0.270148
0.267167
0.270527
0.268418
0.268715
0.271159
0.270006
0.271806
0.268911
0.269706
0.2705
0.270992
0.269994
0.269708
0.270349
0.268838
0.272858
0.270673
0.272346
0.268149
0.272163
0.271858
0.269045
0.269904
0.26946
0.270522
0.272074
0.271979
6.5664e-05
0.271705
0.268067
0.268003
0.27092
0.268981
0.269717
0.270669
0.269007
0.269281
0.272341
0.271448
0.269213
0.270304
0.270631
0.26862
0.268382
0.267883
0.268946
0.274048
0.271428
0.269523
0.269631
0.2725
0.271126
0.271354
0.270597
0.270461
0.271392
0.2678
0.27027
0.268656
0.268452
0.268799
0.267958
0.268582
0.271143
0.268773
0.270399
0.270933
0.274085
3.37208e-05
0.270829
0.268545
0.268921
0.273711
0.269347
0.269347
0.268046
0.27043
0.270365
0.268649
0.269919
0.269186
0.269524
0.267742
0.268207
0.271557
0.269505
0.269426
0.269838
0.269918
0.269992
0.268968
0.269212
0.271873
0.268354
3.90461e-05
0.269921
0.269265
0.272314
0.269492
0.271083
0.271635
0.271957
0.270829
0.270065
