7.9864e-05
0.248147
0.247617
0.252465
0.250407
0.248692
0.248675
0.249775
0.247817
0.252107
0.247096
0.246647
0.248188
0.248426
0.246411
0.246096
0.249522
0.248949
0.249088
0.249079
0.249286
0.250494
0.249145
0.250649
2.12975e-05
0.248365
0.249964
0.248062
0.247723
0.24911
0.249004
0.247548
0.248755
0.247434
0.24634
0.250625
0.24866
0.248999
0.248014
0.249396
0.250303
0.250901
0.248062
0.248009
0.248028
0.24943
0.248011
0.250063
0.249031
0.246133
0.247466
0.251231
0.248188
0.245937
0.247546
0.239095
0.249059
0.250707
0.250084
0.246731
0.24967
0.251273
0.248665
0.252867
0.248734
0.250989
0.248138
0.250036
0.242441
0.249971
0.249498
0.248557
0.248686
0.250968
0.249974
0.248245
0.246967
9.22884e-05
0.249365
0.246948
0.248271
0.248324
0.247419
0.250989
0.246273
0.2485
0.251274
5.14677e-05
0.249731
0.245931
0.249157
0.247066
0.249085
0.247943
0.249828
0.246939
0.249731
0.246939
0.244335
0.249967
0.245954
0.247886
0.246749
3.72692e-05
0.247227
0.246793
0.247269
0.249759
0.25228
0.247342
0.249152
0.249095
0.251388
0.249822
0.25007
0.247831
0.249467
0.250688
0.251254
0.248204
0.248077
0.248634
0.247565
0.249257
0.249442
0.248585
0.246477
0.249425
0.250704
0.24923
0.248105
0.249887
0.247503
0.248935
0.250547
0.246383
0.249086
0.245917
0.250772
0.252715
0.248353
0.247923
0.247921
0.245494
0.251186
0.249244
0.249794
0.24957
0.250524
0.247708
0.247652
0.250524
0.249398
0.250881
0.250094
0.249245
0.247815
0.246654
0.24853
0.246492
0.248394
0.250886
0.249683
0.249481
0.249734
0.248969
1.77481e-05
0.248954
0.248691
0.248767
0.249795
0.247201
0.248052
0.250207
0.248786
0.247706
0.247598
0.249103
0.250173
3.37198e-05
0.250524
0.245632
0.248826
0.249093
0.247875
0.253156
0.24976
0.24487
0.250985
0.251068
0.250178
0.247141
0.251333
0.250195
0.247405
0.239708
0.251235
0.250654
0.249318
0.245824
0.254486
0.248635
0.250209
0.249889
3.54943e-05
0.251143
0.252722
0.246876
0.24859
0.247513
0.250282
0.251058
0.249409
0.249388
0.251125
0.248771
0.246823
0.247829
0.250661
0.24599
0.246132
0.248283
0.246111
0.247392
0.250461
0.248951
0.248279
0.249275
0.25236
0.246337
0.250973
0.25153
0.249314
0.250677
0.250032
0.247072
0.244782
0.251706
0.251229
0.249828
0.251494
0.238233
0.248336
0.248493
0.248828
0.253835
0.251436
0.248589
0.248775
0.247623
0.249011
0.249715
0.248216
0.246712
0.247919
0.249727
0.249005
0.246957
0.249399
0.246467
0.251865
0.249395
0.248422
0.248418
0.250479
0.249532
0.249854
0.249124
0.250878
0.249888
0.250516
0.248676
0.250195
0.246962
0.248988
0.253032
0.248358
1.24236e-05
0.245796
0.248238
0.24732
0.248946
0.244208
0.245641
0.251035
0.247778
0.247411
0.2505
0.249983
0.247
0.248588
0.250851
0.251139
0.248964
0.24911
0.248577
0.244808
0.249372
0.250086
0.251261
0.249679
0.250858
0.248609
0.251483
0.24591
0.247069
0.249299
0.251293
0.24633
0.249293
0.247395
0.250575
0.250331
0.247502
0.249707
0.248898
0.249588
0.248002
0.245586
0.247864
0.249631
0.246985
0.251593
0.246599
0.248968
0.248985
0.250606
0.246274
0.249238
0.24766
0.249208
0.247908
0.25132
0.247024
0.249965
0.24735
0.249217
0.247678
0.247863
0.249657
1.41984e-05
0.247145
0.250002
0.252474
0.24834
0.24871
0.247798
0.245906
0.2512
0.250169
0.24808
0.250724
0.247131
0.249193
0.248372
0.247793
0.247139
0.250569
0.24855
0.250201
0.248111
0.249296
0.249697
0.249485
0.247794
0.248798
0.253803
0.248282
0.250618
0.25021
0.249855
0.248897
0.250236
0.245587
0.24828
0.248815
0.251138
0.249355
0.247017
0.247996
0.249872
0.248116
0.249172
0.247407
0.249066
0.250704
0.247176
0.246313
0.251646
0.248724
0.251094
0.251197
0.250918
0.25147
0.24872
0.247728
0.251436
0.24651
0.249785
0.247924
0.249181
0.249071
0.250069
0.250275
0.246174
0.249636
0.250382
0.251044
0.247143
0.246295
0.244983
0.24856
0.250568
0.250206
0.247176
0.248207
0.250682
0.247296
0.249577
0.250308
0.251144
0.250185
0.248841
0.24819
0.248168
0.250713
4.08208e-05
0.249269
0.249576
0.246448
0.252932
0.246639
0.249009
0.250149
0.249906
0.245962
0.249506
0.246707
0.248117
0.246097
0.246102
0.249689
0.248103
0.246352
0.249889
0.247728
0.247392
0.249894
0.24931
0.252284
0.249366
0.25015
0.250946
0.247564
0.249468
0.249916
0.249976
0.247398
0.249917
0.248393
0.249905
0.247603
0.246409
0.25167
0.251428
0.244891
0.248972
0.250806
0.249246
0.251427
0.250411
0.24979
0.247781
0.248964
0.250487
0.250824
0.247937
0.249607
0.250706
0.249595
0.248543
0.251714
0.248849
0.252152
0.247156
0.251792
0.249671
0.250283
0.24894
0.247927
0.247703
0.247303
0.247671
0.248965
0.249488
0.246434
0.244459
0.251432
0.248223
0.247148
0.247264
0.247954
0.248005
0.250996
0.250435
0.249317
0.246825
0.248822
0.24868
0.248563
0.248691
0.248759
0.244813
0.24971
0.246236
0.247287
0.247918
0.247449
0.250331
0.251717
0.248772
0.252992
0.250035
0.248964
0.2507
0.249181
0.246252
0.248065
0.24985
0.24989
0.24931
0.248155
0.249414
0.249228
0.250515
0.247803
0.250302
0.249179
0.249795
0.249696
0.24775
0.248763
0.249837
0.246692
0.247008
0.246701
0.24747
0.252121
0.249511
0.25199
0.25124
0.248684
0.247146
0.249512
0.246537
0.248416
0.2491
0.249853
0.246825
0.249212
0.248803
0.250727
0.249675
0.247179
0.246022
0.248451
0.249953
0.247436
0.249788
0.25164
0.249066
0.247963
0.247366
0.248127
0.247876
0.248456
0.248575
0.249243
0.249711
0.248608
0.247917
0.249826
0.250183
0.251464
0.249484
0.250914
0.248789
0.233272
0.249645
0.248914
0.248281
0.244302
0.250817
0.250139
0.252144
0.248625
0.249298
0.247934
0.246635
0.252479
0.251174
0.251036
0.249681
0.249137
0.248853
0.251572
0.249818
0.246799
0.250428
0.245946
0.248992
0.247751
0.246614
0.247806
0.249715
0.249176
0.247826
0.247978
0.24753
0.251835
0.248567
0.248954
0.248328
0.24693
0.247724
0.248795
0.249281
0.249288
0.251085
0.248854
0.249064
0.253302
0.244953
0.248573
0.251911
0.249025
0.24788
0.250144
0.250209
0.249226
0.249183
0.247319
0.250342
0.251405
0.247747
0.248511
0.248659
0.251284
0.249166
0.249653
0.244683
0.251346
0.250656
0.247933
0.249955
0.251973
0.244945
0.249789
0.251033
0.248022
0.248605
0.248712
0.251218
0.248008
0.231694
0.246641
0.246238
0.250177
0.248347
0.245513
0.246923
0.248212
0.245658
0.247356
0.246725
0.000131331
0.250287
0.252174
0.249619
0.248164
0.247664
0.247678
0.248137
0.248085
0.241089
0.247788
0.247259
0.247089
0.251935
0.24783
0.249857
0.250646
0.250116
0.247604
0.249278
0.24831
0.246918
0.248385
0.247994
0.247899
0.24718
0.249511
0.249448
0.246593
0.247826
0.247811
0.246037
0.244269
0.246909
0.249587
0.249389
0.249733
0.250325
0.252087
0.248193
0.246737
0.249212
0.248507
0.248357
0.24888
0.250146
0.247942
0.249125
0.250988
0.249634
0.248618
0.251029
0.248095
0.247374
0.248811
0.246937
0.250796
0.249252
5.85668e-05
0.245401
0.247931
0.248708
0.250037
0.24914
0.247838
0.247576
0.248124
0.248212
0.249266
0.24751
0.24961
0.24976
0.250116
0.243082
0.25185
0.249096
0.248707
0.250868
0.249247
0.248381
0.248786
0.252461
0.249601
0.248207
0.247698
0.248483
0.250324
0.246996
0.172177
0.24756
0.249852
0.252045
0.249458
0.249483
0.248505
0.243214
0.24935
0.24575
0.142852
0.253021
0.251564
0.253056
0.248831
0.249437
0.249241
0.248423
8.69641e-05
3.5495e-05
0.24881
0.245305
0.249993
0.247223
0.24834
0.245316
0.248829
0.252233
0.250927
0.250295
0.250524
0.249775
0.25218
0.249317
0.248192
0.251087
0.248513
0.251194
0.245518
0.251481
0.251712
0.247012
0.248056
0.245983
0.249396
0.248112
0.248566
0.249531
0.249911
0.248412
0.251195
0.247349
0.251082
0.247447
0.252113
0.248476
0.249047
0.241409
0.246947
0.249067
0.248938
0.249557
0.247307
0.248387
2.83966e-05
0.250563
0.250851
0.253068
0.2513
0.245614
0.248824
0.246701
4.61425e-05
0.248079
0.250853
0.249007
0.248911
0.248621
0.24997
0.244888
0.247876
0.250317
0.249575
0.247459
0.246993
0.249277
0.248358
0.249355
0.251554
0.251608
0.248874
0.250442
0.246461
0.247783
0.249033
0.24922
0.251538
0.251135
0.249078
0.251
0.250224
0.251402
0.245478
0.24935
0.250044
0.245978
0.247242
0.245216
0.24738
0.248649
0.250349
0.248101
3.37223e-05
0.252025
0.249764
0.25085
4.08216e-05
0.248105
0.250961
0.24985
4.43697e-05
0.25449
0.24756
0.24885
0.248189
0.24784
0.24796
0.251043
0.250414
0.249863
0.248354
0.241376
0.243568
0.2486
0.251946
0.250742
0.248426
0.251206
0.251044
0.24757
0.248897
0.248318
0.244956
0.247898
0.25203
0.249317
0.247419
0.24949
0.250218
0.249417
0.2507
0.246635
0.252905
0.246638
0.249507
0.249354
0.247164
0.249681
0.252957
0.247801
0.249974
0.249281
0.24805
0.24755
0.247
0.246728
0.249384
0.250216
0.247259
0.248047
0.251299
0.249691
0.248411
0.24745
0.246936
0.244838
0.248921
0.248349
0.249234
0.248913
0.250674
0.248555
0.248865
0.248695
0.251867
0.248881
0.249163
0.249349
0.247979
0.248911
0.252065
0.249389
0.249554
0.245734
0.246291
0.248804
0.249429
0.249393
0.250142
0.247191
0.250786
0.249175
0.250032
0.247662
0.251033
0.247983
0.247336
0.250377
0.248269
0.249725
0.249947
0.248727
0.25052
0.247324
0.248086
0.246611
0.2459
0.249353
0.247288
0.250721
0.251146
0.248783
0.247029
0.247967
0.249254
1.7747e-05
0.249343
0.250145
0.250623
0.247279
0.250583
0.249091
0.248407
0.252395
0.25284
0.250807
0.247109
