0.251458
0.251441
0.254791
0.255049
0.252193
0.255216
0.251135
0.249495
0.251382
0.254008
0.2508
0.253012
0.25266
0.249191
0.250186
0.251729
0.251777
0.252174
0.254242
0.25205
0.253077
0.251469
0.251239
0.253075
0.251486
0.252973
0.251888
0.249581
0.249139
0.251709
0.253276
0.252947
0.25348
0.251397
0.252664
0.255001
0.251617
0.256749
0.252739
0.253641
0.251222
0.253837
0.252197
1.95224e-05
0.252248
0.250628
0.251839
0.25598
0.249605
0.248215
0.253028
0.250268
0.252188
0.251243
0.25322
0.250746
0.252823
0.253541
0.252652
0.251607
0.252311
0.249381
0.251217
6.92155e-05
0.251281
0.250593
0.253506
0.253099
0.250807
0.251247
0.25235
0.25298
0.252692
0.254579
0.254089
0.248115
0.253109
0.252061
0.251429
0.251923
0.255252
0.251
0.250217
3.37217e-05
0.251848
0.249347
0.251917
0.253594
0.254081
0.241766
0.252313
0.249158
0.25275
0.250548
0.252011
0.25084
0.249552
0.244792
0.250487
0.249195
0.248222
0.249632
0.250675
0.251654
0.251289
0.24989
0.249748
0.252678
0.253027
0.252952
0.255089
0.251411
0.25366
0.253547
0.252207
0.250204
0.253837
0.250308
0.253276
0.248339
0.25031
0.253069
0.251854
0.253039
0.251733
0.24963
0.252944
0.250719
0.249545
0.250376
0.251743
0.252998
0.248199
0.249953
0.252467
0.250885
0.249202
4.79198e-05
0.252575
0.251847
0.249322
0.254478
0.251531
0.248832
0.252978
0.254272
0.25022
0.25517
0.253362
0.250736
0.253805
0.254951
0.25154
0.252906
0.252925
2.30717e-05
0.249339
0.246631
0.253285
0.250783
0.249249
0.24581
0.251156
0.253398
0.25238
0.250312
0.251454
0.252576
0.256782
0.253309
0.252517
0.252644
0.249498
0.251428
0.252339
0.251454
0.252184
0.250757
0.251225
0.252125
0.252781
0.250926
0.2513
0.250504
0.253977
0.253496
2.8396e-05
0.249175
0.251606
0.252605
0.253777
0.253196
0.252505
0.250735
0.251526
0.252534
0.253117
0.251094
0.252884
0.250468
0.250779
0.252875
0.253352
0.252356
0.251773
0.252028
0.254043
0.25025
0.252581
0.252342
0.252517
0.249344
0.2505
0.251558
0.2543
0.252139
0.249359
0.249022
0.256972
0.25344
0.249705
0.251502
0.251011
3.37204e-05
0.254248
0.25127
0.249998
0.250944
0.254967
0.248755
0.254531
0.253346
0.25305
0.253719
0.253686
0.250173
0.252333
0.250051
0.251755
0.25101
0.252264
0.252282
0.250627
0.252433
0.251596
0.25342
0.252544
0.25221
0.25091
0.254444
0.251382
0.247509
0.247892
0.25169
0.254899
3.37202e-05
0.251832
0.251385
0.252865
0.251014
0.251177
0.251852
0.25165
0.25343
0.252944
0.252386
0.252166
0.245799
0.253655
0.250296
0.25272
0.251004
0.253501
0.25118
0.253059
0.253073
0.249618
0.251311
0.251633
0.25218
0.250078
0.250662
0.247981
0.251377
0.252295
0.253781
0.254462
0.256172
0.251621
0.249823
0.250303
0.255911
0.254302
0.251027
0.250598
0.254444
0.251366
0.253331
0.252485
0.253745
0.254368
0.248721
0.250512
0.250863
0.252413
0.253023
0.255476
0.251444
0.252121
0.251758
0.254176
0.251585
0.252362
0.253046
0.251719
0.248765
0.250866
0.253533
0.250773
0.251811
0.250595
0.251448
0.249692
0.251469
0.251451
0.251598
0.252334
0.250496
0.253334
0.249819
0.253661
0.249772
0.255704
0.25096
0.253368
0.249421
0.25277
0.251117
0.253702
0.251643
0.250402
0.251291
0.252828
0.253663
0.254161
0.253715
0.248572
0.250029
0.251691
0.255027
0.251592
4.61431e-05
0.251174
0.250249
0.251884
0.25236
0.251335
0.253074
0.255287
0.251859
0.252986
0.250845
0.253336
0.249361
0.249386
0.250963
0.255113
0.2508
0.252814
0.253048
0.250697
0.252932
0.251039
0.252237
0.249041
0.253513
0.253958
0.252207
0.250854
0.252263
0.255683
0.25225
0.254686
0.251676
0.255562
0.250523
0.253108
0.251923
0.250821
0.253405
0.253264
0.251478
0.251288
0.251617
0.253423
0.251276
0.250806
0.250956
0.252762
0.250937
0.253116
0.250311
0.251526
0.252002
0.248572
0.249979
0.249837
0.253528
0.252258
0.250466
3.727e-05
0.252766
0.253481
0.254335
0.253262
0.254667
0.253098
0.251903
0.253325
0.251414
0.251526
0.251959
0.25334
0.252249
0.251076
4.61447e-05
0.248595
0.253919
0.250359
0.249522
0.253956
0.251379
0.251806
0.252722
0.250554
0.252019
0.252404
0.251763
0.252584
0.250857
0.251414
0.249358
0.251669
0.252312
0.252201
0.25271
0.254107
0.255705
0.251848
0.254257
0.251561
0.253205
0.252017
0.254599
0.252377
0.255042
0.253493
0.251949
0.248673
0.252242
0.254527
0.252523
0.251608
0.249989
0.253107
2.4846e-05
0.254705
0.249306
0.252616
0.25369
0.252924
0.252626
0.251464
0.252602
0.251969
0.251065
0.251331
0.255755
0.253305
0.249835
0.251601
0.252967
0.252208
0.253765
0.250778
0.252088
0.249797
0.251039
0.251249
0.249689
0.251343
0.253753
0.250784
0.252719
0.251243
0.252502
0.246297
0.250362
0.252452
0.252142
5.67918e-05
0.252914
0.251406
0.254478
0.253952
0.251546
0.250038
0.248678
0.250015
0.249264
0.251128
0.253744
0.25286
0.251992
0.250992
0.252102
0.250026
0.24998
0.24932
0.254249
0.253468
0.255434
0.251541
0.25277
0.251836
0.253371
0.250292
0.250443
0.246941
0.252113
0.253942
0.251122
0.252155
0.253843
0.25196
0.2511
0.250772
0.253582
0.255148
0.252865
0.252953
0.250544
0.250371
0.251106
0.248429
0.250984
0.250331
0.254102
0.256653
0.253058
0.25436
0.249691
0.249962
0.253065
0.250051
0.248593
0.253265
0.252497
0.250937
0.251296
0.252752
0.251699
0.251768
0.250952
0.247785
0.249747
3.19449e-05
0.253347
0.251366
0.2535
0.251856
0.247952
0.252222
0.252145
0.25328
0.249773
0.251296
0.251875
0.25208
0.250662
0.250335
0.254416
0.245159
0.252607
0.249686
0.25096
0.251327
0.252859
0.254359
0.252249
0.25076
0.253621
0.255959
0.250826
0.252948
0.252823
0.251976
0.25153
0.252912
0.254717
0.252699
0.252374
0.250825
0.251301
1.24236e-05
0.252978
0.246045
0.250916
0.251635
0.250576
0.251869
0.254744
0.250847
0.251644
0.25264
1.59728e-05
0.254485
0.250926
2.30721e-05
0.254046
0.253403
0.252305
0.250827
0.253241
0.252119
0.2526
0.251659
0.252073
0.252375
0.249864
0.250594
0.252262
0.250047
0.251267
0.255392
0.250443
0.250577
0.251189
0.252522
0.251241
0.250356
0.25281
0.250466
0.251865
0.251757
0.249846
0.251706
0.2541
0.249984
0.25199
0.253584
0.25392
0.256299
0.254211
0.249578
0.252457
0.254637
0.252328
0.25293
0.253203
0.253158
0.254773
0.254218
0.249289
0.252321
0.250778
0.24697
0.253725
0.252356
0.248145
0.251864
0.250244
0.250484
0.257672
0.249907
0.253061
0.2519
0.255748
0.253634
0.247628
0.252017
0.250436
0.252278
0.251783
0.253316
0.249495
0.25229
0.251911
0.255331
0.250601
0.25075
0.253228
0.250307
0.250546
0.253347
0.251284
0.255567
0.252948
0.25133
0.253145
0.253443
0.251078
0.251351
0.251341
0.250835
0.249329
0.25064
0.252461
0.252768
0.25056
0.252919
0.254168
0.251544
0.252953
0.248916
0.253983
0.253838
0.253209
0.252551
0.252731
0.241153
0.251135
0.25131
0.253752
0.250863
5.85664e-05
0.254559
0.253913
0.253062
0.251722
0.24734
0.252508
0.252652
0.249926
0.249925
0.246861
0.249979
0.254829
0.25322
0.254142
1.24229e-05
0.250131
0.251538
0.251176
0.247657
0.251937
0.251398
0.254037
0.251853
0.253873
3.37203e-05
0.253305
0.250494
0.252312
0.248855
0.250855
0.254007
0.252373
0.252621
0.255014
0.252014
0.252501
0.252066
0.251952
0.251468
0.249864
0.253607
0.252782
0.251635
0.25032
0.25342
0.251313
0.250097
0.250456
0.250407
0.251134
0.253851
0.253352
0.235984
0.251744
0.251447
0.250031
0.256865
0.252166
0.250378
0.252978
0.250759
0.251538
0.251318
0.254125
0.252851
0.253367
0.251434
0.253842
0.250248
0.250853
0.252546
0.253039
0.251535
0.252056
0.254199
2.48458e-05
0.252384
0.251735
0.251346
0.252368
0.249765
0.251817
0.252508
0.253283
0.252594
0.254818
0.251468
0.251403
0.251728
0.253467
0.252415
0.252959
0.25057
0.250951
0.252792
0.251158
0.252627
0.253123
0.252668
0.252931
0.251252
0.249418
0.254086
0.254589
0.252112
0.254649
0.247223
0.249894
0.249701
0.253372
0.251258
0.253446
0.250698
0.253078
0.248096
0.251898
0.247094
0.249319
0.254202
0.25315
0.253874
0.248929
0.2505
0.251791
0.252417
0.252722
0.254538
0.249587
0.252272
0.251832
0.248617
0.252769
0.24993
0.251781
0.252596
0.252705
0.253431
0.252309
0.252482
0.252408
0.253545
0.255246
0.252371
0.25054
0.254737
0.250863
0.253597
0.253637
0.250539
0.252812
0.254386
0.251795
0.253265
0.248238
0.251314
0.253874
0.253624
0.251106
0.254316
0.251698
0.254903
0.253251
0.251219
0.2522
0.250747
0.252621
0.250548
0.252935
0.251178
0.250286
0.250884
0.254782
0.252428
0.252305
0.255325
0.253337
0.252836
0.252351
0.251115
0.251849
0.252042
2.66219e-05
0.253494
0.250675
0.25056
0.252479
0.251791
0.252541
0.250029
0.252312
0.25277
0.251322
0.25088
0.251175
0.253342
0.254806
0.251535
6.03399e-05
0.254378
0.253456
0.251194
0.250495
0.252643
0.250516
0.250496
0.250985
0.251014
0.258374
0.251391
0.250862
0.251776
2.83961e-05
0.248212
0.250185
0.252168
0.252052
0.254017
0.252087
0.251019
0.251986
0.252447
0.255897
0.252807
0.252308
0.252627
0.252052
0.252963
0.000102932
0.252381
0.250017
0.248334
0.251413
0.252689
0.254357
0.251675
0.254158
0.252195
0.250717
0.254061
0.257644
0.25127
0.250742
0.250356
0.25521
0.249289
0.231081
0.25071
0.248987
0.251535
0.252765
0.252006
0.252189
0.250612
0.252016
0.251509
0.251457
0.250849
0.251558
0.24978
0.251634
0.250123
0.252406
0.250912
0.252545
0.253601
0.252038
0.251306
0.254101
0.251476
0.250833
0.253912
0.24995
0.253474
0.248955
