0.234797
0.238267
0.235137
0.238201
0.234524
0.235352
0.234446
0.234522
0.235658
0.236301
0.236438
0.234902
0.236242
0.23782
0.232506
0.237263
0.236046
0.235534
0.234058
0.236454
0.235079
0.23745
0.231355
0.235525
0.234447
0.232311
0.238551
0.235709
0.235414
0.233758
0.236847
0.234393
0.237101
0.235369
0.233274
0.238248
0.227898
0.236932
0.235969
0.236559
0.233063
0.237216
0.236993
0.234284
0.231136
0.23624
0.229536
0.236542
0.232996
1.95221e-05
0.236492
0.232757
0.233444
0.237269
0.233302
4.08193e-05
0.230971
0.23664
0.238161
0.236843
0.237765
3.01714e-05
3.72697e-05
0.2394
0.232384
0.139624
0.237151
0.235437
0.233433
0.233723
3.01712e-05
0.23336
0.236618
0.236619
0.233391
0.237845
0.237065
0.23735
0.234957
0.234296
0.23701
0.237676
0.233505
0.237671
0.236058
0.234096
0.23443
0.236515
0.230465
0.235451
0.234888
0.235148
0.236574
0.232186
0.235055
0.23426
0.235526
0.236649
0.233454
0.231834
0.235829
0.235154
0.235395
0.231133
0.235106
0.235754
0.235266
4.08189e-05
0.239992
0.234431
0.237234
0.238122
0.239329
0.237191
0.233471
0.23449
0.234424
0.23428
0.236114
0.233731
0.235741
0.237689
0.233629
0.237444
1.95222e-05
0.236231
0.231944
0.234721
0.234191
0.236583
0.235433
0.236708
0.232801
0.235813
0.234703
0.237669
0.236239
0.236591
0.23518
0.236336
5.50192e-05
0.237709
0.233427
0.234083
0.237692
0.236086
0.235897
0.237152
0.238763
0.234117
0.236031
0.238719
0.236823
0.236047
0.237392
0.233711
0.235954
0.23028
0.238767
0.234631
0.228912
0.234137
0.234731
3.54936e-05
0.23319
0.23184
0.236421
0.234505
0.234619
0.234191
0.236863
0.238436
0.222037
5.1468e-05
0.235935
0.211229
0.237819
0.229586
0.235724
0.230945
0.237057
0.233777
0.237615
0.231916
0.238169
0.237997
0.238725
0.230211
0.209288
0.23757
0.235701
1.95221e-05
0.236221
0.236573
0.23011
0.149035
0.23524
0.237726
0.236435
0.237188
0.237945
0.238105
0.235802
0.225362
0.2304
0.238339
0.236749
0.233466
0.232507
0.23588
0.237681
0.238088
0.236
0.23748
0.237111
0.23867
0.23636
0.233249
0.237846
0.236007
0.236256
0.235221
0.236054
0.237828
0.238144
0.237042
0.236299
0.238011
0.234627
0.23152
0.238411
0.240179
0.235351
0.233625
0.235102
6.56672e-05
0.234944
0.237074
0.232945
2.48472e-05
0.238781
0.235456
0.235648
0.237001
0.238914
0.234426
0.236072
0.237392
0.237424
0.235938
0.234168
0.237646
0.23432
0.231726
0.235286
0.236769
0.236751
0.237725
0.235481
0.235165
0.239332
0.235689
0.237905
0.237809
0.233508
0.236011
0.23559
0.232852
0.235879
0.205224
0.23515
0.234286
0.236542
0.232842
0.232615
0.237465
0.217297
0.23636
0.234198
2.48469e-05
0.23424
0.236766
0.232718
0.232132
0.236645
0.235817
0.233106
0.235842
0.235007
0.20055
0.236978
0.236632
0.236165
0.233698
0.234798
0.235278
0.235824
0.236084
0.235672
0.239836
0.194611
0.237851
0.236702
0.239508
0.235915
0.236044
0.237341
0.236481
0.236318
0.235592
0.234888
0.237263
0.235578
0.233337
0.236384
0.23281
0.234618
0.233545
0.234174
0.232207
0.235848
0.231044
0.236922
0.235557
0.234864
0.239506
0.234341
0.231361
0.233824
0.232997
0.235956
0.227964
0.235989
0.234293
0.240085
0.233857
0.235956
0.237046
0.236998
0.229174
0.232355
0.235025
0.233496
0.237867
0.237156
0.236834
0.2341
0.236103
0.235862
0.236784
0.235017
0.232675
0.237537
0.232592
0.236127
0.235657
0.237493
0.235601
0.238171
0.236489
0.237436
0.237578
0.23743
0.238082
0.235909
0.23365
0.238959
0.232106
1.06482e-05
0.237121
3.01708e-05
0.233029
0.237715
0.237137
0.233125
0.235669
0.237302
0.235148
0.235728
0.236462
0.234334
0.234731
0.235583
0.235864
0.239153
0.237097
0.234746
0.23573
0.233604
0.233391
0.237241
0.238026
0.235143
0.236513
0.234536
0.23336
0.236981
0.232999
0.238387
0.230826
0.231861
0.236698
0.23768
1.24233e-05
0.224947
4.08204e-05
0.236035
0.236189
0.23532
0.233999
0.23456
0.237601
0.227794
0.235701
0.236059
0.234846
0.236657
0.23555
0.237058
0.235416
0.234927
5.14677e-05
0.232714
0.234352
0.237337
0.235831
0.23257
0.238054
0.231457
0.228035
3.90445e-05
0.238931
0.234876
0.235461
0.235241
0.229159
0.235968
0.234466
0.237502
0.234899
0.237509
0.235785
0.234566
0.236996
0.237078
0.237158
0.233144
0.240053
0.23756
0.241638
0.234541
0.237336
0.236016
4.25935e-05
2.30718e-05
0.23493
0.234121
0.232623
0.236475
0.235568
0.237545
0.237694
0.235684
0.236388
6.74412e-05
0.230741
0.238341
0.233782
0.232801
0.236743
0.233527
0.239024
0.235783
0.237728
0.237478
0.234349
0.235513
0.236438
0.236765
0.236909
0.233039
0.236894
0.236108
0.232664
0.228968
0.237821
0.236811
0.233151
0.236555
0.236764
2.66221e-05
0.237766
0.23626
0.238422
0.236017
0.234218
0.232133
0.23966
0.235705
0.234029
0.235964
0.236382
0.233281
0.231979
0.237593
0.236773
0.234412
0.236588
0.236261
0.235031
0.231529
0.237259
0.234019
0.235118
0.231907
0.23593
0.23687
0.236462
0.234158
0.237029
0.237538
0.238689
0.235359
0.23807
0.238513
0.234431
0.234002
0.23586
0.232846
0.229912
0.23553
0.233596
0.234318
0.238501
0.23514
0.231005
0.195041
0.235438
0.23672
0.232866
0.234096
0.23585
0.236581
0.234868
0.23547
0.23316
0.235172
0.237355
0.238103
0.237317
0.233754
0.238994
0.237021
0.238467
0.222182
0.23473
0.214564
0.235618
0.235798
0.233884
0.233174
0.23633
0.237362
0.233556
0.230716
0.233751
0.239617
4.25937e-05
0.235981
0.235545
0.235436
0.234244
0.232921
0.234487
0.233424
0.236674
0.23945
0.235245
1.24233e-05
0.232804
0.2317
0.237209
0.23284
0.237475
0.235671
0.234564
0.2371
0.236836
0.235096
0.237882
0.23505
0.236182
6.74412e-05
0.224404
0.235151
0.236298
0.23382
0.233419
0.234544
0.238354
0.238369
0.235253
0.235566
0.235831
0.239356
0.237903
0.235146
0.233885
0.235902
0.234726
0.235202
0.235651
0.236811
0.235799
0.23918
0.233911
0.23596
0.238009
0.238177
0.239075
0.236814
0.237191
0.235355
0.232471
0.138414
0.236678
0.237254
0.23353
0.23364
0.233779
0.236927
0.238236
0.233487
0.233986
0.23924
0.235243
0.222786
0.234969
0.234813
0.23567
0.234903
0.238443
0.237259
0.238451
0.23581
0.238081
0.236097
0.238341
0.234583
0.236236
0.236613
0.236566
0.234814
0.237112
0.234351
0.236587
0.234119
0.235649
0.235506
0.238624
0.235048
0.239244
4.25938e-05
0.235673
0.235313
0.235118
0.236844
0.23392
0.235064
0.234101
0.230984
0.235648
0.235061
0.23859
0.232369
0.235154
0.233997
0.238589
0.237832
0.236233
0.237136
0.235491
0.233954
0.234167
0.233305
0.236864
0.23162
0.237684
0.23723
0.235941
0.224884
0.23822
0.236446
5.14684e-05
0.236746
4.25939e-05
0.237036
0.236949
0.237872
3.90454e-05
0.234433
0.235867
0.236695
0.234234
0.234812
0.234409
0.23503
0.233858
0.232567
0.236965
0.236572
0.233305
0.23719
0.238057
0.235997
0.236209
0.233774
0.236847
0.23386
0.239199
0.234452
0.233749
0.23641
3.7271e-05
0.233503
0.230306
0.238206
0.236983
0.235923
0.235673
0.233058
0.23314
0.232723
0.234221
0.231895
0.234111
0.232704
0.23622
0.233805
0.233481
0.237317
0.231578
0.235567
0.233407
0.232088
0.235479
0.237228
0.236129
0.237816
0.233983
0.232312
0.237289
0.234404
0.235807
0.233967
0.238893
0.236145
0.237316
0.229372
0.232525
0.23552
0.236318
0.235421
0.238006
3.72709e-05
0.236172
0.236578
0.23786
0.236113
0.234729
0.231677
0.235467
0.228471
0.23467
8.51857e-05
0.233033
0.239643
0.23745
0.236187
0.239237
0.235053
0.192551
0.23823
0.235652
0.234696
0.236592
0.235954
0.234891
0.236616
0.236024
0.237558
0.23659
0.235197
0.234789
0.239026
0.235223
0.238089
0.236927
0.235571
0.231073
0.234485
0.236594
0.236134
0.237157
1.77477e-05
0.235045
2.30717e-05
0.236937
0.234068
0.235248
0.235922
0.234933
0.238948
0.237057
0.235436
0.236589
0.234834
0.232828
0.236271
4.43681e-05
0.238642
5.85645e-05
0.236264
0.236077
0.238447
0.235221
0.237474
0.233372
0.231119
0.234747
0.232777
0.235398
0.23417
0.236677
0.233889
0.232755
0.236034
0.235762
0.236849
0.233761
0.23448
0.235785
0.23136
0.235632
0.236275
0.237889
0.232272
0.236982
0.234581
0.234518
0.232112
0.237024
0.23756
0.232454
0.237777
0.235931
0.235834
0.238225
0.236323
0.235378
0.234381
0.237071
0.237613
0.232511
0.228953
0.234066
0.236946
0.239241
0.236691
0.233387
0.234532
0.23684
0.237486
0.235527
0.231908
0.233046
0.240439
0.236442
0.237371
0.234856
0.179822
0.238961
0.234892
0.235209
0.239031
0.23388
0.235424
0.237374
0.233278
0.232761
0.236283
0.235053
0.234483
0.237348
0.235313
0.236595
0.228995
0.236685
0.236798
0.235408
0.237371
0.236181
0.237076
0.237152
0.232867
0.236632
0.23396
0.236037
0.238537
0.232818
0.235306
0.235796
0.236865
0.235191
5.85672e-05
0.238897
0.236829
0.236288
0.235723
0.235683
0.234041
0.239955
0.234455
3.01699e-05
0.237552
0.236332
0.236619
0.235619
0.235855
0.236758
0.235611
0.233892
1.95229e-05
0.234247
2.66219e-05
0.237583
0.23675
0.236809
0.234626
0.23201
0.237398
0.236171
0.235064
0.240104
0.232865
0.23294
0.237443
0.23915
0.23827
0.235437
0.236181
0.236102
0.227577
0.237198
0.235086
0.237815
0.2341
0.232676
4.43694e-05
0.23824
0.237974
0.237284
0.236851
0.235046
0.235731
0.238536
0.235247
0.235186
0.234342
0.235194
0.235998
0.23507
0.222715
0.237732
0.234742
0.235236
0.230762
0.236237
0.236073
0.215385
0.234415
0.231664
0.235051
0.237998
0.233948
0.230289
0.23206
0.236283
0.23247
0.236127
0.238781
0.230788
0.234668
0.237526
0.230864
0.23737
0.236195
0.238759
0.238669
0.23565
