0.249696
0.243037
0.245523
0.245297
0.246837
0.249395
0.246985
0.243116
0.243068
0.247021
0.244313
0.242848
0.245651
0.241031
0.244878
0.242014
0.24555
0.246354
0.243439
0.242571
0.240407
0.247365
0.245289
0.246848
0.241391
0.242867
0.243788
0.244404
0.243228
0.243456
0.247039
0.245805
0.247902
0.236108
1.77481e-05
0.247828
0.244225
0.249171
0.246273
0.238384
0.244368
0.244347
0.246065
0.245158
0.24664
1.41984e-05
0.239652
0.245304
0.244596
0.24389
0.243671
0.246347
0.243637
0.243399
0.230608
0.245757
0.244929
0.246016
0.245929
0.244824
0.247597
0.244527
0.244607
0.249484
0.245159
0.247219
0.246807
0.244992
0.244549
0.243069
0.246307
0.244892
2.30722e-05
0.245496
0.245351
0.244269
0.245833
0.24654
0.244818
0.243859
0.244563
0.246153
0.244503
0.246813
0.245647
0.243183
0.245929
0.246781
0.240524
0.245821
0.242154
0.242522
0.242392
0.24295
0.243953
0.24312
0.246615
0.245152
0.241663
0.24534
0.236088
0.244082
0.246728
0.243403
0.24499
0.241629
0.243844
0.244227
0.2456
0.243691
0.246752
0.244227
0.249811
0.246473
0.247486
0.178599
0.240946
0.245456
0.246054
0.243102
0.240353
0.245415
0.24281
0.245997
0.244214
0.246292
0.241322
0.245851
0.241896
0.24165
0.242099
0.243985
0.244472
0.244709
0.241119
0.245625
0.241911
0.245218
0.222631
0.248422
0.241978
0.243554
0.242087
0.242977
0.247803
0.246353
0.244812
0.244437
0.246955
0.245401
0.24209
0.249234
0.245004
0.247727
3.19462e-05
1.24232e-05
0.24533
0.241324
0.245002
0.244541
0.244741
0.244087
0.232351
0.247486
0.24476
0.24571
0.242123
0.246693
0.244829
0.245437
0.246085
0.244856
1.95227e-05
0.2453
0.223409
0.242658
0.242318
0.244732
0.243817
0.243833
0.24475
0.243345
0.243554
0.233751
0.24379
0.247301
0.247002
0.24321
0.246024
0.244056
0.24559
0.241366
0.246552
0.24431
0.238851
0.243032
0.245771
2.48464e-05
0.243878
7.09893e-05
0.246406
0.248042
0.245121
0.246501
0.244779
0.245167
0.244348
0.242963
0.247367
0.244935
0.242892
0.246106
0.245831
0.24529
0.248416
0.246531
0.243934
0.242744
0.246746
0.246313
0.245027
0.245143
0.245525
0.246194
0.247833
0.24647
0.245065
0.244732
0.247123
0.242326
0.245977
0.248442
0.247546
0.232106
0.245497
0.242956
0.245154
0.243028
0.243414
0.244766
0.245756
0.239843
0.245008
0.244349
0.245475
0.242404
0.243965
0.24274
0.243863
0.247813
0.246788
0.245913
0.244899
0.242239
0.245585
0.246466
0.243671
0.245262
0.246818
0.241306
0.244718
0.245347
0.243341
0.245063
0.244166
6.21155e-05
0.247007
0.247569
0.245726
0.247252
0.245632
0.245364
0.2436
0.243073
0.242434
0.246545
0.244379
2.66219e-05
0.245372
0.243705
0.245964
0.236723
0.243438
0.248518
0.243291
0.243123
0.244605
0.246383
0.24477
0.240721
0.243067
0.245485
0.246211
0.243761
0.24563
0.246016
0.243651
0.248291
0.246391
0.247409
0.243737
0.243063
0.243107
0.244025
0.241988
0.244918
0.24859
0.244464
0.237381
0.245394
0.246612
0.24271
0.24538
0.242224
0.24234
0.245584
0.24615
0.244712
0.238553
0.244705
0.244058
0.243735
0.24424
0.244871
0.244684
0.246955
0.244708
0.24405
0.246915
0.244979
0.240071
0.244238
0.245926
0.242816
0.246554
0.244452
0.247398
0.24619
0.244711
0.24776
0.243783
0.242584
0.244995
0.247804
0.245348
0.247816
0.243411
0.245015
0.247553
0.247324
0.243197
0.244379
0.245701
0.242657
0.241824
0.244464
0.243178
0.243846
0.246544
0.245397
0.244492
0.24608
0.242206
0.244575
0.245684
0.231634
0.246221
0.243197
0.24643
0.247454
0.246389
0.245186
0.244809
0.244187
0.244017
0.246115
0.248078
0.24712
0.243301
0.243748
0.245354
0.242027
0.243621
0.247244
0.24423
0.243117
0.244296
0.245222
0.246118
0.245969
0.246497
0.244309
0.246305
0.246344
0.24401
0.246479
0.24677
2.66211e-05
0.243701
7.27638e-05
0.246114
0.248318
0.247267
0.244291
0.229978
0.238006
0.243657
0.24609
0.24378
0.239281
0.245095
0.248493
0.245824
0.245141
0.242869
0.244041
0.245168
0.245336
0.245417
0.244048
0.245657
0.245597
0.239493
0.247144
0.244133
0.243646
0.243189
0.249023
0.244601
0.245277
0.244834
0.248014
0.245539
0.243387
0.242922
0.242468
0.244049
0.24164
0.244653
0.243361
0.244544
0.24203
0.24684
0.243766
0.244942
0.246358
0.245061
0.245443
0.246485
0.24664
0.242922
0.24527
0.247758
0.244382
0.242046
0.243388
0.24701
4.96962e-05
0.242601
0.246698
0.245361
0.246073
3.01722e-05
0.248474
0.246203
0.242647
0.248108
0.247196
0.245374
0.245485
0.24586
0.247275
0.243673
0.244236
0.246103
0.24627
0.242088
0.249004
0.247206
0.246007
0.244031
0.245776
0.244144
0.241859
0.243106
0.244847
0.244574
0.243677
0.244337
0.245256
0.245832
0.247516
0.242075
0.245913
0.245993
0.247133
0.24385
0.245279
0.168047
0.243156
0.244355
0.244873
0.243774
0.243479
0.247169
0.242491
0.244726
0.24649
0.240651
0.24113
0.244249
0.247275
0.244091
0.244334
0.246287
0.244413
0.24243
0.245779
0.242686
0.24936
0.245484
0.247371
0.243363
0.245999
0.244957
0.246057
0.242241
0.246651
0.243295
0.244654
0.245329
0.242898
0.24794
0.24567
0.246336
0.243723
0.242553
0.245782
0.245227
0.246519
0.247223
0.246545
0.243947
0.238949
0.244836
0.242438
0.246091
0.244724
0.243991
0.245412
0.244677
0.246171
0.246125
0.244553
0.242952
0.242949
0.24353
0.244647
0.244924
0.241998
0.245119
0.243862
0.243962
0.2415
0.238687
0.247667
0.243697
0.245105
0.244832
0.247122
0.245312
0.243556
0.244514
0.244822
0.244163
0.246282
0.243397
0.241444
0.245161
0.245282
0.242504
0.24666
0.24228
0.246931
0.245459
0.246333
0.244737
0.244917
0.244167
0.246174
0.243856
0.243299
0.247051
0.241684
0.245288
0.241981
0.247797
0.242708
0.246735
0.246326
0.244623
0.247231
0.24513
0.245769
0.246498
0.244256
0.242131
0.246571
0.245775
0.232488
0.243364
0.248332
0.245018
0.246001
0.244005
0.244968
0.243933
0.247351
0.244811
0.237284
0.246185
0.244664
0.244999
0.241909
0.244026
0.244485
0.244853
0.243565
0.248002
0.24398
0.244998
0.246189
0.241649
0.239137
0.243524
0.243613
0.245367
0.245145
0.245373
0.245396
0.229525
0.245988
0.24568
0.244895
0.247196
0.246339
0.24584
0.247099
0.24395
0.243221
0.244598
0.248672
0.247955
0.24813
0.244183
0.247589
0.242577
0.244465
0.245309
0.247094
0.24389
0.245933
0.244517
0.245156
0.244677
0.243397
0.244445
2.83968e-05
0.246127
0.241561
0.241331
0.241904
0.242125
0.246784
0.243679
0.245139
0.245025
0.246619
0.24454
0.243524
0.244289
0.243962
0.244551
0.246006
0.23754
0.241303
0.243732
0.244048
0.245488
0.24205
0.246286
0.249067
0.24657
0.243862
0.243639
0.2467
0.245154
0.247573
0.246994
0.241819
0.247143
0.245926
1.95224e-05
0.241441
0.245606
0.245845
0.241057
3.72683e-05
0.241748
0.247264
0.248289
0.232753
0.244243
0.246098
0.242404
0.24772
0.24327
0.244851
0.235036
0.244438
0.24561
0.243539
0.24395
0.224691
0.243146
0.243773
0.246216
0.245728
0.247026
0.242489
0.246264
0.247486
0.24261
0.243464
0.243605
0.245099
0.245725
0.24483
0.247384
0.244921
0.244167
0.244344
0.244776
0.243906
0.244894
0.247415
0.247184
0.245268
0.247473
0.241927
0.24126
0.244244
0.243242
0.245344
0.242715
0.244508
0.246606
0.242745
0.245115
0.244479
0.24438
0.241931
0.243223
0.24778
0.246231
0.244387
0.246508
0.247121
0.244359
0.247081
0.246907
0.245378
0.245035
0.244008
0.245292
0.244566
0.246428
0.245087
0.247168
0.243903
0.244463
0.241474
2.1297e-05
0.243694
0.241907
0.247746
0.244487
0.247598
0.242018
0.238455
0.246156
0.243113
0.244751
0.244227
0.245087
0.244789
0.245702
0.246212
3.37206e-05
0.244696
0.24322
0.241982
0.245527
0.246313
0.239114
1.95223e-05
0.245969
0.248786
0.243274
0.245728
0.244228
0.246901
0.243616
0.245553
0.244092
0.245279
0.24358
0.245243
0.244236
0.24234
0.245017
0.24327
0.245018
0.245351
0.247251
0.244132
0.248563
0.237517
0.24489
0.243241
0.244123
0.245182
0.244135
0.245283
0.243155
0.246621
0.245779
0.247387
0.245931
0.247383
0.245258
0.247654
0.243211
0.244834
0.245505
0.245488
0.245899
0.243469
0.244545
0.246104
0.245815
0.245158
0.244976
0.244259
0.243247
0.245494
0.242596
0.2469
0.243779
0.24252
0.244348
0.244529
0.24556
0.246627
0.24719
0.247301
0.246668
0.245181
0.246489
0.244298
0.245503
0.248238
0.246947
0.246052
0.244695
0.244005
0.248516
0.243823
0.238775
0.243281
0.242825
0.247428
0.247256
0.243656
0.247809
0.242596
0.244079
0.248235
0.243604
0.242059
0.246764
0.247821
0.242888
0.246246
0.246397
0.243174
0.241527
3.01704e-05
0.243963
0.242351
0.246107
0.244615
0.246083
0.244269
0.243927
0.242997
0.244219
0.246734
1.95218e-05
0.244354
0.241622
0.244531
0.247081
0.247204
0.243294
0.248648
0.24342
0.24291
0.243378
0.244821
0.247398
0.250052
0.245174
0.24397
5.5018e-05
0.241417
0.243026
0.246285
0.243552
0.245712
0.241356
0.243593
0.243189
0.249815
0.244395
0.243845
0.244935
0.235223
0.245603
0.243157
0.241791
0.245816
0.244192
0.247222
0.246016
0.243113
0.24503
0.215278
0.248653
0.245079
0.245143
0.246761
0.246032
0.24865
0.245149
0.244476
0.244621
0.2429
0.244428
0.247813
0.243053
0.245689
0.242679
0.247705
0.246934
0.24784
0.244776
0.242039
1.59727e-05
0.246751
0.244148
0.243953
0.242385
0.245581
0.234361
0.242544
0.243185
0.245173
0.243871
0.239979
0.243115
0.243809
0.241739
0.247612
3.90443e-05
0.243868
0.245951
0.244439
0.244789
0.241303
0.24391
0.243429
0.244745
0.247843
0.244956
0.24539
0.246056
0.247576
0.245994
0.242473
