0.251586
0.250328
0.250507
0.250415
0.251328
0.249473
0.250641
0.249571
0.251533
0.254979
0.248246
0.248855
0.253167
0.250032
0.250537
0.249555
0.250697
0.253581
0.253358
0.252266
0.249474
0.251543
0.249347
0.252788
0.248996
0.249748
0.254605
0.250469
0.250767
0.250257
0.250906
0.252135
0.250406
0.248135
0.251198
0.253038
0.250196
0.254786
0.250801
0.25208
0.25097
0.252885
0.251065
0.250605
0.25179
0.252921
0.249133
0.251772
0.250359
0.247809
0.248541
0.250239
0.246851
0.250184
0.25235
0.252508
0.250236
0.252183
0.251246
0.251127
0.250707
0.250503
0.251654
0.256583
0.239931
0.252307
0.253657
3.01712e-05
0.248677
0.250972
0.252998
2.66218e-05
0.252355
0.250863
0.251924
0.251635
1.95218e-05
0.250165
0.251251
0.25128
0.250901
0.254448
0.248428
0.254363
0.251977
0.247501
0.253273
0.251246
0.251147
0.249928
0.249633
0.247227
0.241933
0.249161
0.248893
0.248283
0.25254
0.249747
0.250673
0.249082
0.247443
0.24905
0.250316
0.250396
0.249238
0.249288
0.247892
0.251635
0.255803
0.252269
0.253327
0.250607
0.251489
0.252252
0.252533
0.250752
0.251641
0.248026
0.255581
0.249065
0.250608
0.249081
0.249996
0.252532
0.249206
7.27603e-05
0.250864
0.249414
0.251607
0.250309
0.248378
0.253013
0.250208
0.249682
0.251061
0.248312
0.219353
0.25
0.253169
0.253445
0.252492
0.250277
0.248364
0.24976
0.238512
0.249785
0.25225
0.25026
0.252967
0.249538
0.249904
0.25198
0.248881
0.251935
0.247959
0.249671
0.252616
0.250083
0.252403
0.250123
0.251347
0.249894
0.250975
0.253321
0.248708
0.248901
0.251356
0.250551
0.253231
0.249621
0.251601
0.250589
0.24955
0.251572
7.2763e-05
0.25015
0.247704
0.254247
0.251007
0.25101
0.248864
0.250635
0.251913
0.249939
0.25395
0.249274
0.252197
0.248213
0.250467
0.248633
0.250859
0.252096
0.249915
0.248921
0.248562
0.249162
0.248183
0.251463
0.251659
0.249272
0.249653
0.252232
0.25154
0.250934
0.248247
0.252894
0.251256
0.25093
0.249335
0.250931
0.252783
0.249571
0.250071
0.251567
0.251666
0.251159
0.251821
0.246745
0.250725
0.250498
0.251123
0.251761
0.251911
0.251638
0.250896
0.250404
0.247764
0.250301
0.251361
0.252437
0.251763
0.254643
0.251422
0.251864
0.249519
0.246312
0.243988
0.249366
0.251308
0.218352
0.25159
0.251963
0.249067
0.250539
0.253646
0.252284
0.250817
0.250852
0.24781
0.252028
2.30726e-05
0.253101
0.250043
0.251163
0.251907
0.252453
0.252753
0.248996
0.250107
0.246531
0.25405
0.252306
0.248014
0.252372
0.24851
0.251128
0.249813
0.251892
0.248382
0.252571
0.250198
0.247236
0.250899
0.250726
0.250683
0.25156
0.246172
0.250126
0.250201
0.248822
0.249574
0.250781
0.247399
0.253079
0.251218
0.250522
0.249343
0.251015
0.252748
0.25048
0.250327
0.253265
0.253093
0.250698
0.247916
0.252543
0.247942
0.252245
0.253406
0.252191
0.250165
0.251105
0.252388
0.249859
0.251565
0.251371
0.25068
0.254355
0.250705
0.250326
0.250314
0.251463
0.253632
0.247426
0.253822
0.250662
0.249953
0.252734
0.250551
0.247308
0.251219
0.249445
0.250452
0.248294
0.250924
0.253626
0.250263
0.251261
0.252727
0.250193
0.252275
0.24783
0.252885
0.250678
0.250881
0.254012
0.253263
0.251836
0.248235
0.252873
0.253051
0.25024
0.253149
0.252619
0.253245
0.252547
0.250542
0.251037
0.252259
0.254373
0.250371
0.251737
0.253561
0.250817
0.249907
0.253145
0.23448
0.251482
0.252186
0.252977
0.25168
0.249003
0.252395
0.248275
0.248443
0.248638
0.251845
0.25078
0.252214
0.249415
0.252549
0.252177
0.249283
0.252581
0.250284
0.249866
0.255676
0.250906
0.249172
0.252181
0.243879
0.251293
1.77478e-05
0.250114
0.251414
0.252005
0.253487
0.247999
0.248107
0.251714
0.250893
0.251401
0.251131
0.252249
0.248124
0.25267
0.250474
0.248191
0.249242
0.251518
0.250752
0.251193
0.251111
0.251338
0.247349
0.253855
0.250302
0.252934
0.250356
0.248783
0.251287
0.251412
0.251885
0.250339
0.251308
0.249261
0.252817
0.252317
0.251415
0.252264
0.252786
0.251427
0.252497
0.251581
0.250703
0.250965
0.249367
0.252872
0.251409
0.251256
0.25156
0.249633
0.251728
0.248653
0.252607
0.250294
0.251245
0.251202
0.252394
0.249056
0.249183
0.253337
0.249369
0.253064
0.253433
0.249971
0.247542
0.249799
0.253733
0.255564
0.252216
0.251444
0.251352
0.252226
0.248775
0.251063
0.25227
0.247654
0.25024
0.250922
0.251499
0.251218
0.251135
0.254811
0.255971
0.249913
0.25271
0.251897
0.250918
0.249512
0.250737
0.248617
0.249549
0.251326
3.72706e-05
0.252272
0.251801
0.254641
0.251823
0.248584
0.249345
0.252137
0.254059
0.253437
0.250164
0.249382
0.250691
0.251371
0.249467
0.249767
0.249125
0.251271
0.249076
0.251028
0.249557
0.248459
4.79181e-05
0.251679
0.249935
4.08192e-05
0.247459
0.250261
0.251471
0.250374
0.251264
0.249124
0.250929
0.252123
0.248014
0.249521
0.251955
0.253563
0.251209
0.249545
0.24861
0.249335
0.249733
0.251513
0.251112
0.251979
0.25186
0.251932
0.250571
0.254005
0.253096
0.252299
0.24874
0.250557
0.248744
0.251925
0.249885
0.249184
0.252827
0.25372
0.250911
0.25265
0.247652
0.250118
0.249457
0.250532
0.253304
0.253346
3.54966e-05
0.250471
0.249485
0.248291
0.247533
0.248842
0.248835
0.25021
0.249797
0.253581
0.248083
0.250264
0.250847
0.251232
0.251856
0.253142
0.251276
0.246295
0.24803
0.251282
0.250316
0.249981
0.247847
0.251901
0.251603
0.25071
0.251744
0.251908
0.2522
0.250428
0.249586
0.25136
0.251555
0.25226
0.253534
0.250491
0.251569
0.25063
0.248453
0.250749
0.250623
0.252747
0.249523
0.252356
0.251103
0.251278
0.252242
0.250313
0.25193
0.251078
0.251923
0.248849
0.251347
0.250879
0.249158
0.251072
0.251455
0.252973
0.252665
0.253096
0.25055
0.252066
0.250097
0.251533
0.249374
4.08163e-05
0.251827
0.251231
0.249885
0.249586
3.0172e-05
0.24904
0.253674
0.248706
0.25371
0.252461
0.252567
0.251764
0.253678
0.250184
0.248845
0.252238
0.250214
0.251727
0.249362
0.248293
0.250208
0.251076
0.248782
0.254222
0.246363
0.25016
0.252318
0.249101
0.24725
0.251725
0.252585
0.249104
0.250145
0.249557
0.252204
0.250924
0.245631
0.250421
0.25473
0.252063
0.249575
0.251279
0.252446
0.251048
0.252967
0.249516
0.251298
0.249185
0.253233
3.54947e-05
0.251446
0.252294
0.249953
0.25177
0.252361
0.249176
0.248361
0.249783
0.250761
0.251913
0.252088
0.247269
0.253298
0.249378
0.24957
0.255413
0.248734
0.248912
0.254513
0.253383
0.25283
0.249268
0.249609
0.249137
0.252581
0.251663
0.252993
0.250335
0.249625
0.249673
0.252108
0.25013
0.252555
0.254099
3.01716e-05
0.250846
0.249918
0.24826
0.251325
0.250464
0.251431
0.251679
0.251779
0.249887
0.252126
0.246434
0.249791
0.249146
0.244017
0.250642
0.249381
0.252439
0.250544
0.252308
0.251931
0.253011
0.250792
0.249624
0.251768
0.249618
0.249252
0.25408
0.251482
0.250583
0.252804
0.247044
0.248278
0.2503
0.253105
0.251375
0.248719
0.250328
5.32428e-05
0.252986
0.246973
3.01708e-05
0.247007
0.250965
0.252363
0.251732
0.252052
0.250875
0.249706
0.24924
0.252183
0.247947
0.250314
0.250652
0.25018
0.253802
0.252905
0.252345
0.251357
0.253414
0.25007
0.247978
0.249036
0.250541
0.255084
0.250502
0.250901
0.251723
0.254599
0.249545
0.248309
0.253764
0.248593
4.08185e-05
0.250325
0.248944
0.251114
0.251044
0.252551
0.227021
0.249942
0.248944
0.252932
0.250055
0.252983
0.252258
0.247225
0.251027
0.251092
0.250043
0.251362
0.245067
0.250053
0.252446
0.250443
0.248095
0.249263
0.250762
0.2507
0.251172
0.24986
0.250311
0.251824
0.250336
0.249413
0.25056
0.253508
0.252927
0.25142
0.24695
0.252729
0.251186
0.249823
0.252065
0.251169
0.252955
0.252009
0.248151
0.251909
0.252852
0.251262
0.252389
0.24881
0.252087
0.24763
0.252258
0.249925
0.250522
0.250221
0.250083
0.250218
0.251424
0.251113
0.252163
0.250584
0.25065
0.253506
0.251236
0.249684
0.25321
0.251619
0.253507
0.24989
0.251727
0.250756
0.251052
0.247956
0.252469
0.251757
0.253589
0.250042
0.250323
0.252722
0.251929
0.250772
0.248434
0.252241
0.253546
0.251141
0.252431
0.250751
0.24955
0.24026
0.24787
0.249918
0.250135
0.249538
0.239899
0.251608
0.251772
0.254743
0.252288
0.253906
0.252005
0.251802
0.25095
4.2593e-05
3.72697e-05
0.251173
0.252632
0.253487
0.249877
0.251212
0.248469
0.254494
0.249624
0.250529
0.24843
0.251424
0.250676
0.250292
0.25125
0.254023
0.249334
0.252328
0.252007
0.252614
0.252189
0.248977
0.252871
0.247114
0.253568
0.251251
0.251252
0.24955
0.252958
0.251656
0.248016
0.248939
0.252268
0.249219
0.252804
0.251557
3.90448e-05
0.251405
0.252514
0.253793
0.250143
0.251355
0.25
0.249157
0.254876
0.248236
0.253235
0.253824
0.250399
0.24951
0.251125
0.251636
0.254977
0.252428
0.251207
0.251212
0.253444
0.247154
0.249384
0.250936
0.251011
0.251261
0.248773
0.251717
0.25371
0.251251
0.253659
0.251209
5.14679e-05
0.250604
0.250721
0.252038
0.250073
0.251277
0.253659
0.251517
0.250046
0.250697
0.253276
0.253838
0.252309
0.252043
0.251924
0.252304
0.254645
0.250619
0.251566
0.24586
0.249679
0.248492
0.254229
0.249568
0.252877
0.252375
0.254259
0.254129
0.253132
0.248933
0.249858
0.25209
0.25121
0.251621
0.249635
0.242584
0.251289
3.90448e-05
0.247927
0.2495
0.252168
0.25198
0.250268
0.250448
0.248115
0.25106
0.25312
0.250893
0.250415
0.252015
0.247426
0.252923
0.250596
0.255216
0.251418
0.251407
0.252577
0.250337
0.252592
0.250125
0.251466
0.251289
0.248843
