0.254582
0.255376
0.252044
0.254921
0.254024
0.254884
0.254711
0.254561
0.252505
0.253726
0.252926
0.251578
0.254738
0.250833
0.251858
0.254959
0.256113
3.01702e-05
0.247567
0.254203
0.253759
0.255368
0.254934
0.251902
0.250869
0.253026
0.255388
0.253243
0.256494
0.251031
0.254669
0.253527
0.255688
0.253131
0.252238
0.253975
0.254242
0.256832
0.252868
0.252058
0.251383
0.252868
0.252192
0.252838
0.25367
0.254403
0.250701
0.255062
0.25188
0.251883
0.254904
0.254078
0.250541
0.253936
0.254235
2.30718e-05
0.251691
0.253222
0.255513
0.249764
0.253591
0.254077
0.251777
2.12971e-05
0.250056
0.254667
0.254353
0.253452
0.251922
0.250278
0.252788
0.254698
0.254305
0.255163
0.254517
0.254952
0.256426
0.254295
0.25418
0.252807
0.253694
0.251827
0.251426
0.255494
0.254048
0.252675
0.252705
0.254469
0.253999
0.254454
0.253719
0.252813
0.253985
0.255491
0.252185
0.252975
0.245875
0.253501
0.251161
0.254315
0.250476
0.254713
0.251686
0.252857
0.251146
0.251917
0.252672
0.25348
0.256321
0.256029
0.255281
0.254155
0.254006
0.251529
0.255038
0.251167
0.250511
0.252051
0.255542
0.254778
0.253004
0.254125
0.250947
0.254367
0.252291
0.253674
2.4846e-05
0.255229
0.254326
0.254298
0.251869
0.252757
0.251283
0.250679
2.30726e-05
0.250811
0.251424
0.249133
0.25537
0.256125
0.251933
0.253617
0.251719
0.251205
0.256217
0.252171
0.254843
3.37214e-05
0.252643
0.25313
0.252453
0.252801
0.253849
0.255293
0.252824
0.253957
3.54949e-05
0.250677
0.253898
0.253003
0.252861
0.2512
0.254606
0.255518
0.000118909
0.250229
0.253305
0.255024
0.255809
0.252304
0.255311
0.253962
0.252577
0.25089
2.66206e-05
0.251346
0.25316
0.253837
0.255216
1.9522e-05
0.254975
0.248502
0.253297
0.253954
0.255026
0.253498
0.253697
0.250694
0.250593
0.254311
0.255855
0.253654
0.255476
0.251427
0.251452
0.252669
0.253086
0.25582
0.255652
0.251183
0.253703
0.253256
0.255352
0.252092
0.252524
1.77481e-05
0.254769
0.251711
0.251859
0.253957
0.254263
0.253635
0.253386
0.254659
0.253587
0.253248
0.253643
0.251478
0.254207
0.253096
0.251618
0.253143
0.251137
0.252805
0.253833
0.251728
0.25351
0.252467
0.254353
4.79183e-05
0.254136
0.256904
0.256134
0.25522
0.254158
0.251656
0.253927
0.25487
0.254383
0.253963
0.256912
0.256052
0.253607
0.253679
0.253895
0.254959
0.252993
0.254918
0.25247
0.254055
0.254528
0.25429
0.253599
0.250533
0.253699
0.254778
0.251678
0.251951
0.254737
0.252519
0.255832
0.252173
0.252145
0.25261
0.25211
0.253765
0.254342
1.24236e-05
0.252464
0.256181
0.255336
0.250514
0.253922
0.250761
0.251662
0.253997
0.252869
0.253061
0.25082
0.254294
0.251387
0.254491
0.250881
0.251936
0.25506
0.250323
0.252417
0.253961
0.255405
0.252766
0.252459
0.253095
0.254362
0.254054
0.253064
0.254091
0.25201
0.252875
0.252458
0.254487
0.251747
0.250494
0.253018
0.25426
0.254616
0.255313
0.256808
0.254239
0.254719
0.254559
0.253638
0.251757
0.254781
0.254301
0.251304
0.252041
0.253789
0.252289
0.252753
0.252285
0.253496
0.251647
0.25475
0.254184
0.25383
0.254049
0.253827
0.250644
0.253013
0.254252
0.252816
0.252555
0.253214
0.25474
0.253029
0.253856
0.257015
0.253879
0.253544
0.255363
0.253035
0.252755
0.253923
0.253737
0.25278
0.254833
0.250332
0.251592
0.254527
0.251562
0.253079
0.253982
0.253597
0.254634
0.250081
0.250278
0.254714
0.249913
0.255592
0.253538
0.251096
0.254338
0.254981
0.251734
0.251547
0.252468
0.254555
0.253105
0.256106
0.256044
0.252723
0.253191
0.252924
0.255269
0.253434
0.253772
0.257089
0.250155
0.252856
0.254025
3.90448e-05
0.252008
0.253753
0.250742
0.254424
0.253948
0.255344
0.253867
0.25237
0.254486
0.252526
0.254053
0.255674
0.25583
0.252461
0.252878
0.253278
0.254528
0.252256
0.256095
0.253636
0.253925
0.254681
0.254955
0.24885
0.254196
0.253649
0.255044
0.255382
0.252237
0.255338
0.256043
0.255987
5.32445e-05
0.252912
0.252439
0.254278
0.25224
0.253593
0.253242
0.253971
0.25414
0.252501
0.253592
0.252946
0.254861
0.249373
0.255121
0.252313
0.252542
0.255048
0.254047
0.254612
0.249559
0.251752
0.251851
0.255303
0.255188
0.255649
0.249821
0.251077
0.251376
0.253972
0.251999
0.255158
0.253549
0.254847
0.25428
0.254131
0.258691
0.252099
0.251348
0.252399
0.254159
0.253078
0.254628
0.252065
0.252086
0.253841
0.255215
4.43708e-05
0.252887
0.253082
0.255369
0.254484
0.251643
0.254153
0.251725
0.254231
0.253594
0.25464
0.252969
0.251059
0.25297
0.254691
0.254354
0.251973
0.256282
0.255638
0.2549
0.252941
0.254389
0.2541
0.253694
0.252541
0.253532
0.253135
0.251438
0.253304
0.251815
0.252374
0.253437
0.253607
0.253794
0.255224
0.252832
0.24993
0.254909
0.253913
0.252273
0.254702
0.253495
0.255065
0.251015
0.253766
0.251411
0.254217
0.254445
0.248742
0.250165
0.252072
0.254206
0.249523
0.253448
0.250781
0.251734
0.250548
0.25552
0.252598
0.255035
0.253985
0.254948
0.256166
0.255972
0.254491
0.252028
0.252574
0.252397
0.249802
0.251547
0.253427
0.250616
0.253762
0.255548
0.252789
0.251982
0.251365
0.255007
6.21135e-05
0.256887
0.252696
0.255962
0.252006
0.25038
0.252355
0.252054
0.252333
0.252448
0.255017
0.251012
0.252825
0.255157
0.25312
0.25506
0.251666
0.253074
0.253659
0.253324
0.254556
0.25038
0.253696
0.255018
0.253358
0.251091
0.252974
0.255156
0.25364
0.250955
0.254812
0.254988
0.254305
0.253481
7.0992e-05
0.250416
0.25364
0.25462
0.254599
0.249965
0.254425
0.25069
0.253112
0.254242
0.253387
0.255384
0.253314
0.254665
0.257157
0.251943
0.253403
0.254469
0.25503
0.255334
0.256702
0.252535
0.253809
0.251162
0.251559
0.251271
0.253438
0.254286
0.254324
4.43686e-05
0.250417
0.250781
0.255081
0.256472
0.251087
0.252398
0.25613
0.252275
0.255267
0.252238
0.252636
0.253204
0.251818
0.252261
0.252004
0.253194
0.254626
0.255516
0.252711
0.253334
0.253209
0.25303
0.250969
0.255406
0.254662
0.255328
0.253903
0.253688
0.253492
0.254561
0.253183
0.254394
0.256918
0.253881
0.250643
0.253469
0.254186
0.25309
0.252979
0.253936
0.253785
0.253024
4.08187e-05
1.77475e-05
0.254908
0.251552
0.255484
0.252496
0.252993
0.25447
0.254487
0.254037
0.241389
0.255156
0.252126
0.256086
0.253407
0.256868
0.253057
0.253421
0.256385
0.253313
0.254919
0.2539
0.252415
0.253443
0.255119
0.247831
0.254835
0.253607
0.250855
0.256448
0.245644
0.253038
0.249998
0.254799
0.253944
0.252214
0.253214
0.253087
0.255105
0.25482
0.254116
0.252988
0.253185
0.252121
0.258062
0.253877
0.251957
0.255171
0.253168
0.254227
0.252813
0.255553
0.253689
0.253019
0.252904
0.249205
0.254389
0.250817
0.254881
0.250963
0.253866
0.25182
0.250729
0.249722
0.254611
0.254665
0.254717
0.254074
0.253826
0.255913
0.252586
0.251424
0.252833
0.252779
0.252086
0.255154
0.252886
0.250252
0.253589
5.32443e-05
0.254304
0.252577
0.254644
0.253796
0.252064
0.253
0.256403
0.253711
0.252441
0.25238
0.251518
0.252606
0.254098
0.254385
0.253674
0.25268
0.25163
0.255826
0.253148
0.253261
0.252582
0.244626
0.254713
0.254786
0.254936
0.254478
0.255591
0.252855
0.252212
0.253781
0.250626
0.253684
0.235018
0.24945
0.252264
0.25386
0.254491
0.255364
0.250787
0.254472
0.250875
0.252956
0.254343
0.254559
0.245702
0.252633
0.256959
0.252924
0.252603
0.252046
0.255296
0.25421
0.25495
0.255692
0.254147
0.253622
0.25286
0.250412
0.255919
0.255671
0.249417
0.253068
0.253332
0.249364
0.251121
0.254104
0.252684
0.250886
0.251926
0.25302
0.255625
0.254906
0.254264
0.254881
0.255411
0.25183
0.255088
0.252709
0.252452
0.252583
0.253494
0.24243
0.251964
0.255782
0.254011
0.25208
0.253609
0.256738
0.254075
0.255174
0.255475
0.254037
0.253187
0.249589
0.25036
0.24392
0.252652
0.253183
0.254408
0.254393
0.25379
0.254814
0.252785
0.253193
0.256271
2.12966e-05
0.254293
0.253531
0.250839
0.252936
0.250302
0.251491
0.253002
0.257839
0.25458
0.255547
0.251764
0.254288
0.252278
0.253206
0.254464
0.254628
0.250745
0.251858
0.252654
0.253926
0.253519
0.254193
0.255088
0.253181
0.255248
0.253516
0.250158
0.252721
0.25483
0.254527
0.256767
0.254109
0.25322
0.255073
0.256273
0.254355
0.255691
0.253514
0.253549
0.251927
0.254973
0.253459
5.50168e-05
0.254152
0.250935
0.252466
0.255413
0.250719
0.252939
0.251262
0.256865
0.256907
0.254831
0.254136
0.256378
0.252746
0.252477
0.253336
0.254339
0.251809
0.257329
0.255794
0.255244
0.256119
0.2491
0.252485
0.253504
0.25396
0.253546
0.25507
0.254136
0.255871
0.251815
0.253679
0.25489
0.25544
0.254557
0.255349
0.25785
0.251444
0.253057
0.256112
0.251026
0.254642
0.254077
0.25819
0.253194
0.253086
0.25398
0.250729
0.255569
0.254703
0.25429
0.254029
0.254918
0.252004
0.251169
0.250118
0.25373
0.250473
0.254234
0.252188
0.252702
0.25797
0.253478
0.251868
0.252529
0.252447
0.251083
0.253067
0.251362
0.251094
0.255155
0.251354
0.251418
0.251812
0.254862
0.253755
0.255221
0.254592
0.253976
0.252293
0.252084
0.255153
0.254894
0.251953
0.249841
0.248673
0.253069
0.254971
0.253771
0.256045
0.251615
0.255186
0.254095
0.255601
0.252388
0.253928
0.254516
0.253194
0.253959
0.250851
0.251754
0.253704
0.252611
0.252843
0.226948
0.25321
0.25324
0.252795
0.251962
0.251691
0.252831
0.257033
0.253593
0.252167
0.253626
0.253671
0.250953
0.251824
0.257961
0.255459
0.255496
0.256618
0.254364
0.255231
0.255756
0.254405
0.25428
0.252999
