0.256766
0.254733
0.254124
0.260149
0.257455
0.258067
0.258188
0.252182
0.259373
0.259205
0.255796
2.8397e-05
0.25712
0.252847
0.252685
0.255617
0.255
0.257547
0.254201
0.257766
0.2569
0.258807
0.255433
0.257388
0.254079
0.258421
0.258843
0.256705
0.257904
0.258334
4.43693e-05
0.257236
0.258568
0.255761
0.258961
2.48465e-05
0.255293
0.259677
0.25587
0.258494
0.258523
0.260714
0.256787
0.258624
0.257899
0.258247
0.258725
0.257957
0.254913
0.255898
0.255553
0.256736
0.256419
0.255813
0.258883
2.66213e-05
0.257249
0.257458
0.256486
0.255381
0.257474
0.257439
0.256426
0.260195
0.256287
0.257919
0.257991
0.259355
0.257095
0.257752
0.256941
0.25829
0.256772
0.258757
0.258127
0.259262
0.256302
0.25951
0.256377
0.257465
0.258486
0.259075
0.256425
0.258802
0.256719
0.257371
3.90453e-05
0.258648
0.256537
0.258605
0.25777
0.259242
0.256312
0.256737
0.257277
0.255446
0.255437
0.258277
0.255736
0.256733
0.254371
0.256137
0.256279
0.257816
0.257581
0.25731
0.255676
0.255834
0.260226
0.257953
0.260937
0.259111
0.259212
0.259209
0.253905
0.257686
0.256914
0.258227
0.258807
0.256319
0.257281
0.255525
0.25501
0.257746
0.258092
0.256604
0.257711
0.256664
0.256775
0.257049
0.256126
0.257579
0.255711
0.256671
0.258004
0.2575
0.256782
0.25542
0.256099
0.257901
0.257374
0.256233
0.2536
0.256091
1.77475e-05
0.256244
0.259415
0.256591
0.256793
0.255515
0.259239
0.259594
0.257454
0.260424
3.19462e-05
0.256591
0.256387
0.255377
0.257502
0.257261
0.254531
0.25721
0.256764
0.25922
0.255717
0.256613
0.256514
0.257446
0.257579
2.83968e-05
0.258683
0.256914
0.25719
0.258612
0.257961
0.254105
0.254738
0.257899
0.256546
0.256906
0.257158
0.255779
0.257959
0.257058
0.258984
0.25895
0.257798
0.247938
0.25892
0.257997
0.257568
0.256914
0.257833
0.256691
0.256187
0.254273
0.257529
0.257822
0.257035
0.25439
0.258472
0.256614
0.259173
0.2572
0.254826
0.259484
0.259455
0.253267
0.25585
0.259794
0.257773
0.257299
0.257319
0.254217
0.26039
0.25798
0.256355
0.253379
0.25778
0.257237
0.257368
0.260603
0.255617
0.255817
0.258527
0.255477
0.256135
0.257754
0.256412
0.254515
0.260171
0.259219
0.261038
0.262099
5.50167e-05
0.257458
0.258774
0.256918
0.253828
0.255995
0.259409
0.258032
0.259902
0.258389
0.258161
0.259179
0.26009
0.258604
0.258776
0.258034
0.258983
0.260584
0.254231
0.255041
0.259776
0.256645
0.259512
0.25741
0.259085
0.254159
0.258514
0.258388
0.254637
0.255886
0.256918
0.25763
0.261457
0.258086
0.257471
0.260724
0.256119
0.25684
0.257029
0.25649
0.25601
0.257658
0.25789
0.255576
0.255446
0.256058
0.258112
0.258324
0.255324
0.255343
0.257649
0.256636
0.255619
0.254011
0.257648
0.256301
0.257609
0.258059
0.258196
0.25756
0.256142
0.258776
0.257059
0.258208
0.25664
0.257758
0.258037
0.256202
0.258268
0.257601
0.257949
0.255749
0.260931
0.25832
0.257595
0.257397
0.257747
0.260253
0.256696
0.258101
0.257808
0.255165
0.257732
0.25806
0.258131
0.255786
0.255161
0.25536
0.255758
0.259106
0.256375
0.257971
0.258986
0.255871
0.259087
0.257077
0.258481
0.25603
0.259768
0.258029
0.258172
4.96901e-05
0.259439
0.257784
0.25854
0.258759
0.256821
0.255354
0.25765
0.257942
1.24226e-05
0.260074
0.257827
0.25802
0.260012
0.2607
0.255805
0.256405
0.255698
0.255996
0.258268
0.255931
0.256693
0.255171
0.259768
0.258903
2.12966e-05
0.261699
0.258761
0.258228
0.255253
0.259342
0.259864
0.256706
0.257966
0.257233
0.257684
0.256802
0.257027
0.256023
0.258011
0.258619
0.258324
1.95224e-05
0.257261
0.258238
0.257166
0.256607
0.254535
0.2585
0.259085
0.257099
0.260384
0.256094
0.257112
0.254749
0.257499
0.256907
0.256111
0.257616
0.256955
0.259606
0.259792
0.256447
0.259036
0.257087
0.257036
0.259323
0.25764
0.258066
0.256187
0.257365
0.259028
0.259197
0.256978
0.253047
0.257717
0.257266
0.259194
0.255446
0.25665
0.253923
0.258113
0.257022
0.257325
0.257693
0.255823
0.258448
0.256334
0.257814
0.256396
0.25693
0.254651
0.259318
0.257541
0.255355
0.257293
2.12976e-05
0.257555
0.25578
0.26102
0.254555
6.03435e-05
0.257868
0.258162
0.255131
0.25792
0.257036
0.255261
0.257055
0.257918
0.257201
0.256799
0.258363
0.259674
0.259319
0.255407
0.257116
0.25881
0.25735
0.25852
0.255315
0.25636
0.255077
0.257463
0.256364
0.25882
0.253932
0.25709
0.259207
0.25924
0.257431
0.259085
0.257997
0.260104
0.256441
0.25743
0.256948
0.255332
0.255901
0.257447
0.257724
0.257379
0.259202
7.80906e-05
0.258264
0.256822
0.258577
2.12961e-05
0.256594
0.255835
0.256604
0.259665
0.255943
0.256532
0.255844
0.257381
0.261711
0.254795
0.258327
0.254808
0.25559
0.255922
3.90458e-05
0.259812
0.256339
0.259185
0.257589
0.257161
0.254627
0.261195
0.254865
0.257048
0.25897
0.255637
0.257392
0.256305
0.260107
0.256629
0.256912
0.258664
0.257075
0.252836
0.259772
0.256277
0.257428
0.255367
0.261701
0.257116
0.257833
0.258141
0.258836
0.253843
0.257061
0.257343
0.256263
0.257651
0.25554
0.257502
0.25817
0.25525
0.256031
0.256208
0.25557
0.25833
0.257229
1.77461e-05
0.259179
2.83972e-05
0.255401
0.255809
0.259719
0.255852
0.257658
0.257895
0.25875
0.259594
0.258059
0.25633
0.256686
0.256974
0.257396
0.255734
0.243142
0.25922
0.255712
0.256713
0.25855
0.257267
0.256859
0.258095
0.256878
0.259445
0.255527
0.25801
0.258741
0.258012
0.257274
0.256047
0.2575
0.259307
0.257468
0.257335
0.256342
0.257149
0.256185
0.256495
0.257138
0.256203
0.260236
0.256984
0.258865
0.254127
0.256606
0.260674
0.259589
0.254975
0.258062
0.257428
0.255696
0.25741
0.256745
0.258202
0.256423
0.257349
0.258514
0.25976
0.257656
0.257967
0.257633
0.257581
0.25643
0.256768
0.255205
0.259068
0.255838
0.256047
0.254511
0.258019
0.255797
0.258408
0.256492
0.257405
0.258049
0.259033
0.255729
0.257945
0.258662
0.259548
0.25399
0.256712
0.257649
0.256772
0.257818
0.258118
0.255731
0.258572
0.257812
0.25429
0.256785
0.260854
0.2582
0.255912
0.259759
0.257386
0.257802
0.260249
0.258561
0.258373
0.259725
0.25667
0.255381
0.257396
0.25782
0.255754
0.257363
0.256161
4.79198e-05
0.258967
0.257524
0.253955
0.258855
0.258712
0.258047
0.255454
0.25885
0.256265
0.258497
0.26014
0.256784
0.257565
0.258598
0.25668
0.258913
0.257941
0.253592
0.256906
0.255481
0.255717
0.255104
0.254722
0.257142
0.258062
0.259507
0.25738
0.258282
0.258463
0.257934
0.255425
0.25595
0.257259
0.256135
0.257025
0.25737
0.257982
0.256686
0.258642
0.258181
0.258505
0.257754
0.258762
0.255824
0.259665
0.258312
0.257845
0.257815
0.257918
0.255411
0.257367
0.255364
0.259575
0.25609
0.25354
0.256329
0.255956
0.257269
0.259555
6.92174e-05
0.259665
0.258245
0.257591
3.90429e-05
0.259478
0.258947
0.256913
0.257756
0.256116
0.257348
0.256386
0.259821
0.255214
0.257495
0.257333
0.258925
0.254221
0.255605
0.256867
0.259824
0.25539
0.256572
0.25677
0.258399
0.259218
0.258898
0.258078
0.25695
0.255341
0.255249
0.256746
0.256406
0.255522
0.257002
0.25887
0.259056
0.256205
0.256372
0.258871
1.59723e-05
0.2559
0.256848
0.259133
0.256348
0.259308
2.66212e-05
0.254914
0.257026
0.25861
0.258074
0.253944
0.25693
0.255692
0.256878
0.259916
0.258593
0.259347
0.25548
0.260661
0.258467
0.258566
0.259296
0.258402
0.255463
0.261383
0.258097
0.257077
0.256836
0.257176
0.25495
0.258026
0.258496
0.256374
0.258013
0.256551
0.25707
0.253514
0.259148
0.260305
0.259098
0.20128
0.259349
0.258963
0.259566
0.257405
8.34105e-05
0.258552
0.257697
0.258593
0.253337
0.258693
0.257849
0.257705
0.259155
0.257729
0.258912
0.256386
0.25424
0.255801
0.258282
0.257344
0.25795
0.257617
0.256994
0.257051
0.258266
0.254781
0.256918
0.257114
0.256577
0.259051
0.25661
0.258466
0.258252
0.257623
0.255873
0.258852
0.256299
0.256437
0.258479
0.255378
4.25956e-05
0.255117
0.256673
0.257514
0.257927
0.259475
0.25974
0.255826
0.259306
0.256302
0.258681
0.256969
0.258016
0.256446
0.25389
0.257331
0.258138
0.255893
0.258456
0.257017
0.257105
0.257364
0.257646
0.255834
0.253175
0.255513
0.256866
0.258238
0.256846
0.258784
0.260411
0.255968
0.258725
0.25658
0.25916
0.256374
0.256783
0.256902
0.25763
0.259736
0.258172
0.257746
0.257583
0.25928
0.256175
0.25526
0.255084
0.258635
0.258937
0.258905
0.258264
0.259548
0.256192
0.258813
0.257457
0.25865
0.256514
0.258854
0.259573
0.260574
0.259205
0.255354
0.257188
0.252938
0.259018
0.259062
0.259844
0.259458
0.259391
0.257729
0.256742
0.259451
0.254918
0.258793
0.259786
0.259846
0.2576
0.253348
0.260286
0.256028
0.256487
0.255628
0.261046
0.259076
0.254236
0.255438
0.255846
0.259571
0.25928
0.25807
0.258104
0.258984
0.255483
0.25496
0.25663
0.25644
0.255986
0.256681
0.255633
0.257152
0.260043
0.255798
0.257587
0.257846
0.255998
0.256692
0.25541
0.257998
0.256489
0.25827
0.259477
0.255438
0.256675
0.258774
0.260565
0.261239
0.257552
3.90437e-05
0.256947
0.259329
0.257788
0.25814
0.257652
0.255957
0.254034
0.25713
0.25802
0.257106
0.260059
0.256398
0.260696
0.25814
0.260506
0.257017
4.43691e-05
0.256209
0.259122
0.259203
0.256865
0.254615
0.258118
0.253466
0.256216
0.255477
0.259086
0.259014
0.253902
0.258873
0.254174
0.259178
0.256749
5.50169e-05
0.255281
0.256592
0.258028
0.25687
0.258092
0.26002
0.257323
0.25528
0.260513
0.259379
0.256706
0.258738
0.2573
0.25727
0.255635
