0.267314
0.265425
0.264865
0.26603
0.263382
0.264758
0.266382
0.263359
0.265947
0.265242
0.26281
0.264332
0.262932
0.264609
0.262522
0.26486
0.266037
0.265573
0.263534
0.266342
0.26588
0.26682
0.264024
0.266973
0.262449
0.264351
0.267601
0.264278
0.261669
0.264182
0.261596
0.26234
0.26686
0.26441
0.263267
0.266003
0.263631
0.269105
0.263821
0.266042
0.264502
0.26657
0.266981
0.263667
0.266095
0.26603
0.264851
0.264017
0.264035
0.261989
0.263588
0.266309
0.264239
0.265459
0.263522
0.265778
0.262059
0.265754
0.267346
0.26612
0.269577
0.265608
0.264991
0.270396
0.2641
0.267458
0.264538
0.267005
0.262793
0.264503
0.263673
0.267006
0.263358
0.266323
0.263872
0.264597
0.26545
0.264591
0.264447
0.267092
0.266151
0.265114
0.265059
0.26552
0.264762
0.26439
0.265276
0.263784
0.263806
0.262806
0.262514
0.267005
0.266562
0.265693
0.265423
0.264439
0.265789
0.268854
0.26477
0.264249
0.264412
0.265703
0.263801
0.264299
0.264493
0.261827
0.26447
0.266047
0.266931
0.265732
0.268282
7.6317e-05
0.265024
0.265415
0.265913
0.26336
0.266275
0.265457
0.2681
0.26209
0.263526
0.263149
0.264567
0.26303
2.12969e-05
0.261596
0.264269
0.263091
0.264027
0.265809
0.263525
0.264916
0.263389
0.263648
0.267393
0.268049
0.264701
0.262718
0.266835
0.266411
0.265746
0.264623
0.260661
0.263391
0.267417
0.263946
0.265136
0.253528
0.265026
0.264863
0.264997
0.267796
0.266363
0.266236
0.265068
0.262181
0.264084
0.265434
0.264604
0.264147
0.263627
0.265024
0.265162
0.266388
0.263815
0.264903
0.2636
0.265906
0.267452
0.264591
0.264302
0.263349
0.264087
0.26353
0.265748
0.264475
0.26474
0.264634
0.266727
0.265684
0.265133
0.263852
0.265165
0.265959
0.265625
0.267256
0.264679
0.262326
0.267542
0.265038
0.265517
0.263994
0.267961
0.264113
0.261563
0.262955
0.265521
0.267386
0.266031
0.260522
0.265133
0.264079
3.19454e-05
0.263563
0.263504
0.263121
0.26739
0.265274
0.262538
0.266141
0.265783
0.267825
0.265541
0.266697
0.268121
0.266987
0.264265
0.261133
0.266339
0.264503
0.263817
0.266161
0.264013
0.264395
0.265875
0.261727
0.263752
0.264368
0.264856
0.263888
0.267233
0.267019
0.264525
0.266376
0.264094
0.262113
0.264168
0.264845
0.260839
0.267743
0.265949
0.263962
0.264871
0.265106
0.265528
0.266592
0.266339
0.265353
0.263765
0.267832
0.26549
0.266272
0.252943
0.26291
0.267194
0.266833
0.268571
0.267377
0.265634
0.265279
0.266745
0.263253
0.264096
0.266653
0.263852
0.264096
0.265917
0.266566
4.43682e-05
0.267419
0.265492
0.263623
0.265413
0.265185
0.264481
0.266538
0.264646
0.26462
0.262374
0.267665
0.264428
0.265228
0.260721
0.263773
0.265196
0.263389
0.264898
0.266567
0.264905
0.265191
0.266671
0.266404
0.262915
0.264057
0.264007
0.263545
0.265596
0.267849
0.266074
0.264401
0.265787
0.266302
0.264591
0.264964
0.266514
0.264362
0.266759
0.265472
0.263423
0.264938
0.265242
0.26425
0.266127
0.264611
0.266634
0.261974
0.265246
0.265708
0.265532
0.266115
0.264347
0.264757
0.265078
0.266492
0.265091
0.267636
0.266226
0.263605
0.26327
0.265037
0.266553
0.26014
0.266993
0.268353
0.266648
0.266498
0.266295
0.265188
0.267199
0.265068
0.265296
0.262689
0.263297
0.266459
0.265687
0.267004
0.263201
0.264416
0.266211
0.266328
0.263771
0.263734
0.266955
0.264498
0.264748
0.266619
0.263037
0.265236
0.266076
0.266428
0.265189
0.267
0.264787
0.266786
0.260209
0.264991
0.269835
0.264002
0.265024
0.267262
0.264007
0.264938
5.85689e-05
0.265131
0.26557
0.265079
0.267469
0.266781
0.265101
0.264125
0.265151
0.265331
0.265367
0.263292
0.264782
0.266274
0.266356
0.262684
0.265583
0.263436
0.26963
0.264595
0.2639
0.266323
0.265317
0.266706
0.264309
0.261776
0.26743
0.266023
0.268522
0.266852
0.26435
0.265123
0.262883
0.268048
0.264824
0.265158
0.264316
0.260638
0.263978
0.267314
0.265764
0.266034
0.26512
0.262744
0.266889
0.261444
0.266623
0.264785
0.266437
0.267192
0.268419
0.265237
0.264601
0.26503
0.263145
0.268117
0.266967
0.265881
0.266864
0.265272
0.266278
0.262939
0.264388
0.264393
0.263662
0.266992
0.265858
0.262106
0.262622
0.262281
0.260798
0.263808
0.254384
0.265134
0.266154
0.266311
0.266136
0.268644
0.264726
0.265467
0.265275
0.264859
0.263122
0.264106
0.266914
0.263158
2.48461e-05
0.262657
0.26424
0.265971
0.263284
0.265236
0.268865
0.263832
0.266756
0.26346
0.265059
0.266428
0.267008
0.262783
0.263943
2.1297e-05
0.265878
0.263389
0.263046
0.266015
0.263783
0.265315
0.263236
0.268588
0.265671
0.26389
0.262891
0.265524
0.266558
0.263958
0.264134
0.263383
0.264253
0.266722
0.264499
0.264176
0.264037
0.263071
0.261892
0.26812
0.263214
0.262973
0.26556
0.265966
0.265292
0.263911
0.264676
0.265622
0.264206
0.264561
0.261688
0.262622
0.264807
0.266897
2.83956e-05
0.263722
0.263447
0.264109
0.263578
0.26376
0.265319
0.265938
0.26505
0.267442
0.267101
0.264746
0.267311
0.263656
0.263051
0.264158
0.26367
0.265392
0.265833
0.264373
0.265788
0.264978
0.265274
0.26377
0.264983
0.262676
0.266374
0.265388
0.265251
0.264367
4.79203e-05
0.263768
0.264672
0.262644
0.262736
0.264285
0.26519
0.266593
8.69619e-05
0.266034
0.264258
0.263435
0.265028
0.266057
0.265256
0.264009
3.72713e-05
0.262456
0.261954
0.26342
0.266478
0.264526
0.262448
0.262402
0.266399
0.264576
0.264199
0.262161
0.26596
0.266144
0.263432
0.261552
0.267335
0.265398
0.265027
0.261892
0.264241
0.265428
0.266968
0.26461
0.263077
0.267115
0.263394
0.263424
0.262843
0.267818
0.266697
0.268137
0.265517
0.265035
0.265491
0.263548
0.267302
0.262659
0.263642
0.263928
0.26513
0.264888
0.268224
0.268473
0.264253
0.265312
0.264654
0.265793
0.262386
0.263484
0.265656
0.261622
0.263284
0.266118
0.263874
0.263952
0.265027
0.263282
0.266291
0.266124
1.41982e-05
0.263735
0.265539
0.263695
0.265863
0.264428
0.262613
0.265025
0.265784
0.266218
0.265428
0.264484
0.265027
0.268791
3.01708e-05
0.264569
0.264954
0.266629
0.262816
0.265539
0.26612
0.263476
0.264808
4.43698e-05
7.45372e-05
0.264913
0.265993
0.26463
0.264474
0.266951
0.263877
0.264407
0.265081
0.26678
0.265935
0.266594
0.265593
0.265482
0.263467
0.264711
0.266734
0.267059
0.264402
0.266849
0.26753
0.262657
0.263298
0.264593
0.263889
0.265089
0.266366
0.261022
0.264105
0.265622
0.262168
0.264704
0.261197
0.263628
0.266455
0.268258
0.26367
0.266109
0.263408
0.26636
0.266227
0.265421
0.266156
0.265967
0.265919
0.263048
0.269094
0.264007
0.264309
0.266144
0.266703
0.266388
0.263682
0.265986
0.262666
0.264973
0.263555
0.264135
0.264344
0.265492
0.26554
0.264603
0.264506
0.263447
0.26118
0.262716
0.264242
0.266288
0.265985
0.264379
0.266106
0.266484
0.265895
0.265098
0.267225
0.267966
0.267081
0.265492
0.264489
0.263031
0.26625
0.266615
0.263403
0.264337
0.267396
0.265703
0.266637
0.264718
0.263123
0.265538
0.26609
0.264438
0.263544
0.264868
0.26491
0.266234
0.265359
0.26335
0.263627
0.262556
0.265098
0.264847
0.264376
0.266423
0.26683
0.265175
0.266836
0.264069
0.264366
0.264898
0.261542
0.265095
0.261412
0.266938
0.26893
0.264319
0.263026
0.266026
0.264497
0.266081
0.253184
0.266734
0.263661
0.264467
0.267175
0.267887
0.262952
0.265319
0.266878
0.265975
0.265946
0.265646
0.265865
0.26486
0.266629
0.265899
0.266443
0.265568
2.30718e-05
0.2616
0.26633
0.266349
0.265729
0.2668
0.264018
0.264605
0.263766
0.266346
0.266289
0.264786
0.264694
0.265569
0.268031
0.263597
0.265768
0.262362
0.265508
0.265902
0.265304
0.264182
0.264468
1.77473e-05
2.83963e-05
0.266802
0.266524
0.265612
0.267567
0.26171
0.265853
0.266297
0.264933
0.26521
0.26647
0.26697
0.26352
0.264009
0.265444
0.266753
0.265682
0.26381
0.264645
0.264285
0.266162
0.265823
0.264767
0.264076
0.265482
0.26649
0.268481
0.264731
0.261783
0.264497
0.261968
0.263651
0.264826
0.268502
0.265886
0.267184
0.265369
0.265901
0.263579
0.265249
0.268572
0.265567
0.264826
0.262593
0.265699
0.267271
0.266258
0.267754
0.266343
0.266599
0.267528
3.19468e-05
0.262207
0.265982
0.264714
0.267436
0.267988
0.26359
0.264963
0.268417
0.266414
0.265914
0.268027
0.267374
0.266607
0.263808
0.264348
0.266976
3.372e-05
0.265715
0.265811
0.26298
0.267382
0.264805
0.264883
0.264258
0.265045
0.266723
0.265346
0.263501
0.266924
0.263847
0.263753
0.266102
0.265142
0.265631
0.268611
0.26765
0.265974
0.267028
0.264489
0.263599
0.263237
0.264618
0.26453
0.265662
0.266295
0.266197
0.265419
0.266545
0.264119
0.264074
0.266045
0.264546
0.265648
0.263814
0.264584
0.265742
0.263741
0.263957
0.2622
0.266915
0.266081
0.264083
0.266917
0.26291
0.267098
0.268502
0.265721
0.265834
0.265196
0.264842
0.266281
0.263999
0.265187
0.263901
0.267296
3.72691e-05
0.264048
0.267056
0.265442
6.38913e-05
0.264622
0.264002
0.264936
0.266321
0.264456
0.26532
0.267939
0.266478
0.262308
0.263643
0.267327
0.263868
0.266022
0.266217
0.264624
0.265397
0.263271
0.266106
0.264428
0.261807
0.263368
0.262634
0.265853
0.26521
0.2644
0.266615
0.264693
0.267584
0.264525
0.266031
0.2648
0.264231
0.266467
0.265508
0.264081
0.263723
0.265317
0.266344
0.265824
0.263282
0.264429
0.265864
0.26544
0.261965
0.265732
0.263052
0.265317
2.66218e-05
0.264605
0.26465
0.264721
0.263085
0.263569
0.263471
0.26489
0.264349
0.264297
0.267117
0.263243
0.264559
0.264836
0.266832
0.265929
2.83956e-05
