0.261393
0.259754
0.261388
4.08183e-05
0.261794
0.261815
0.261808
3.90471e-05
0.261695
0.262923
0.259441
0.260532
0.259074
0.256821
0.257831
0.258536
0.261789
0.262859
0.261422
0.262918
0.262977
0.259231
0.254744
0.262206
0.25972
0.258111
0.262685
0.260017
0.261464
0.259605
0.261429
0.260654
0.262987
0.256861
0.26099
0.26328
0.257628
0.261518
0.260321
0.259118
0.258908
0.262632
0.243957
0.258182
0.260456
0.260714
0.260186
0.262303
0.258809
0.257715
0.259513
0.259113
0.258873
0.260406
0.260826
0.262795
0.260602
0.260843
0.260678
0.258865
0.262147
0.261434
0.259282
0.26372
0.259867
0.264329
0.261368
0.260544
4.43674e-05
0.261039
0.262541
0.260995
0.25999
0.260953
0.260198
0.257346
0.260052
0.260071
0.262759
0.261091
0.260268
0.260234
0.26094
0.264252
0.26045
0.25626
0.261121
0.260714
0.260787
0.258778
4.43694e-05
0.261761
0.258138
0.260762
0.258744
0.259043
0.257676
0.260422
0.262443
0.260124
0.258233
0.257805
0.26031
0.258721
0.261699
0.258194
0.25896
0.261422
0.262586
0.26174
0.261108
0.261013
0.262871
0.259979
0.259242
0.258513
0.258961
0.258303
0.262304
0.256791
0.258316
0.256677
0.259321
0.261604
0.259372
0.257595
0.258102
0.262699
0.259159
0.259415
0.260318
0.262658
0.261575
0.25756
0.261393
0.257026
0.25976
0.259569
0.262986
0.263486
0.263609
0.257548
0.258747
0.260775
0.262088
0.259901
0.262309
0.261459
0.262976
0.260241
0.261115
0.261863
0.257313
0.261696
0.263483
0.260699
0.257847
0.258607
0.261377
0.261847
0.258395
0.260016
4.43682e-05
0.261116
0.259577
0.263206
0.257749
0.261015
0.263004
0.261084
0.26102
0.260609
0.257866
0.259936
0.261264
0.260665
0.258864
0.260323
0.26121
0.261144
0.260641
0.254854
0.262443
0.260771
0.260412
0.260047
0.260881
0.255912
0.261618
0.259729
0.260693
0.260695
0.261143
0.261061
0.257035
8.16389e-05
0.262679
0.261259
0.25996
0.259478
0.263019
0.259727
0.262377
0.260158
0.258138
0.260961
0.261274
0.259522
0.26159
0.262501
3.5495e-05
0.259235
0.261368
0.261595
0.262431
0.262436
0.258242
0.258831
0.261682
0.259565
0.259395
0.261116
0.260401
0.260318
0.261237
0.262361
0.259688
0.260483
0.262462
0.259921
0.262736
0.261765
0.260424
0.262122
0.25959
0.259432
0.26015
0.261911
0.259276
0.260113
0.26178
0.261994
0.259378
0.26041
0.259996
0.262044
0.26288
0.262372
0.261523
0.261142
0.262119
0.261475
0.261307
0.257683
0.262003
0.261335
0.260422
0.260942
0.263572
0.258864
0.258897
0.260876
0.259878
0.261388
0.259115
0.260459
0.25951
0.263203
0.26156
0.262962
0.261601
0.259695
0.258037
0.259069
0.258539
0.2616
0.258334
4.96943e-05
0.260422
0.260489
0.259597
0.260557
0.258538
0.25942
0.260777
0.259742
0.261483
0.263639
0.26381
0.259389
0.261407
0.264192
0.2614
0.258916
0.258383
0.260674
0.259702
0.264337
0.260322
0.262035
0.2588
0.261572
0.260674
0.260092
0.259447
0.258353
0.260853
0.260703
0.260161
0.261747
0.258719
0.260415
0.261197
0.259031
0.262171
0.25767
0.259438
0.260176
0.259056
0.257768
0.259987
0.259711
0.261537
0.259381
0.259459
0.260986
0.260024
0.261534
0.259204
0.260854
0.261511
0.259002
0.258007
0.260968
0.260616
0.26115
0.261058
0.260455
0.260531
0.262331
0.260589
0.261294
0.261803
0.262154
0.260258
0.260514
0.260102
0.259183
5.5018e-05
0.262097
0.261077
0.258687
0.257111
0.257483
0.261028
0.26013
0.258883
0.259481
0.262217
0.26112
0.260921
0.260782
0.260543
0.26024
0.257451
0.260861
0.261932
0.258589
0.260033
0.262843
0.261242
0.262228
0.2599
0.241072
0.259429
0.260862
0.26387
0.260673
0.258498
2.66212e-05
0.260111
0.26014
0.259633
0.261588
0.261644
0.259376
0.260491
0.259248
0.260324
0.259113
0.263746
0.260013
3.727e-05
0.260869
0.262565
0.259608
0.261666
0.258818
0.261263
0.260839
0.26285
0.263932
0.259507
0.261948
0.257209
0.260603
0.260764
0.261442
0.26036
3.90466e-05
0.258647
0.257686
0.260878
0.259221
0.260133
0.261821
0.263027
0.259982
0.261127
0.258926
0.260185
0.261491
0.261856
0.260847
0.26001
0.260936
0.258414
0.26331
0.260225
0.257373
0.262108
0.260848
0.25953
0.257382
0.261591
0.258903
0.26136
0.259557
0.26248
1.95222e-05
0.259283
0.259074
0.260205
0.257701
0.261162
0.259711
0.262423
0.2629
0.260999
0.266608
0.26145
0.262803
0.2633
0.258509
0.259668
0.260428
0.262165
0.261573
0.259834
0.259938
0.261759
0.259537
0.260736
0.261273
0.261006
0.256971
0.262594
0.259055
0.261588
0.260445
0.260314
0.261388
0.260463
0.260021
0.259891
0.261712
0.260147
0.263192
0.260352
0.259847
0.259642
0.262063
0.259403
0.2614
0.259448
0.259368
0.260513
0.258135
0.259974
0.262937
0.260918
0.261643
0.261448
0.262034
0.258748
0.259684
0.258689
0.261454
0.260305
0.259067
0.259114
0.258972
0.262024
0.260544
0.261685
0.260504
0.260332
0.260042
0.261035
7.27643e-05
0.259325
0.264153
0.26103
0.263353
0.259481
0.259647
0.258403
0.260179
0.26093
0.262555
0.260003
0.263644
0.260137
0.260694
0.259493
0.260628
0.258933
0.258568
0.262204
0.260281
0.261605
2.30726e-05
0.261825
0.259315
0.259749
0.234876
0.260553
0.260071
0.262129
0.259758
0.260422
0.258777
0.260357
0.257318
0.259718
0.257669
0.256498
0.262243
0.258816
0.260912
0.2589
0.260762
0.261974
0.262397
0.259547
0.259575
0.259947
0.259819
0.262635
0.259531
0.260964
0.263017
0.262159
0.259166
0.261854
0.262413
0.260651
0.261303
0.260995
0.259989
0.260724
0.259737
0.259839
0.25885
0.259106
0.2613
0.263052
8.87409e-05
0.261272
0.261433
0.259294
0.261653
0.259085
0.262774
0.259298
0.259898
0.260332
0.259552
0.260951
0.262385
0.260337
0.262339
0.262619
0.260257
0.260283
0.257758
0.25913
0.259264
0.263699
0.259859
0.263842
0.259441
0.25911
0.258938
0.258597
0.261337
0.259319
0.259193
0.261655
0.257661
0.261126
0.260901
0.258888
0.258411
0.262328
0.258431
0.253871
0.260836
0.260461
0.260918
0.261411
0.259993
0.256503
0.260997
0.260498
0.263378
0.261842
0.257461
0.260363
0.259066
0.261133
0.263465
0.258708
0.257495
0.262975
0.260533
0.258095
0.260875
0.260368
0.260102
0.258355
0.259409
0.258323
0.262588
0.259669
0.259163
0.262816
0.260445
0.25911
0.259297
0.261027
0.260717
0.262582
0.262155
0.261204
0.260591
2.83969e-05
0.261277
0.26201
0.260123
0.26009
0.263733
0.26406
0.260586
0.259778
0.258653
0.259791
0.258258
0.260488
0.260248
0.260245
0.260756
0.258954
0.263032
0.261792
0.260185
0.260939
0.262128
0.260615
0.261251
0.259489
0.260479
0.259466
0.258511
0.261978
0.260316
0.259638
0.258771
4.61443e-05
0.2594
0.260484
0.264151
0.261586
0.263293
0.262301
0.259347
0.261834
0.261948
0.260552
0.257737
0.258684
0.260212
0.263742
0.258844
0.260798
0.260463
1.77475e-05
0.257093
0.258719
0.260621
0.260952
0.258034
0.261767
0.26187
0.262077
0.261287
0.260374
0.25913
0.261226
0.262099
0.260814
0.259316
0.260514
0.260817
0.259584
0.261448
0.262256
0.263488
0.261746
0.259602
0.261293
0.261588
0.258755
0.259928
0.258589
0.258291
0.259774
0.261614
0.262085
0.258331
0.261461
0.258898
0.257665
0.257973
0.258604
0.259826
0.258855
0.261666
0.259604
0.260559
0.260575
0.261355
0.258635
0.261411
0.256984
0.26057
0.262154
0.261477
0.259141
0.261018
0.263406
0.261038
0.260511
0.259708
2.30724e-05
0.260158
0.26105
0.263255
0.261422
0.260353
0.261795
0.261531
0.260627
0.258558
0.262427
0.258371
5.3241e-05
0.260617
0.261297
0.260671
0.260697
0.259797
0.263494
0.260158
0.26019
0.262343
0.26038
1.77472e-05
0.260268
3.3721e-05
0.261357
0.261826
0.260209
0.257599
0.260786
0.260495
0.258717
0.260255
0.260859
0.26048
0.257972
0.256113
0.26116
0.261041
0.259906
0.263496
0.261319
0.259072
0.259731
0.261096
0.263327
0.26254
0.262642
0.261624
0.26041
0.258746
0.260016
0.261086
3.90439e-05
0.260852
0.259831
0.259741
0.2616
0.258448
0.260628
0.25866
0.261265
0.257266
0.263109
0.260434
0.26002
0.262861
0.25957
0.260119
0.259804
0.26059
0.26074
0.264425
0.259276
0.26167
0.260806
0.261327
0.257592
0.260062
0.258972
0.261132
0.259497
0.259116
0.26088
0.258374
0.260124
0.261351
0.262314
0.257803
0.262754
0.261916
0.256685
0.259471
0.259217
0.260035
0.261055
0.26004
0.261201
0.261046
0.262025
0.262235
0.261208
0.264255
0.260119
0.257461
0.259159
0.264086
0.260803
0.259984
0.261544
0.260158
0.261233
0.257475
0.261154
0.257689
0.262299
0.261051
0.261892
0.258074
0.264354
0.259055
0.258946
0.260833
0.261969
0.26211
0.262366
0.26101
0.261351
0.258933
0.260094
0.25847
0.260016
0.238192
0.260713
0.26098
0.261868
0.261416
0.259527
0.264978
0.262216
0.258797
0.260433
0.262588
0.263486
0.258758
0.260078
0.260712
0.260688
0.262653
0.25911
0.264331
0.260851
0.259978
0.25949
0.258118
0.263985
0.261763
0.263746
0.259142
0.259215
0.257907
0.259177
0.259635
0.261153
0.262787
0.262794
0.258438
0.260756
0.263384
0.259344
1.95223e-05
0.260531
0.260745
0.260502
0.261417
0.260057
0.259822
0.259153
4.61434e-05
0.260997
0.258256
0.26142
0.262123
0.261323
2.83948e-05
0.260587
0.257762
0.259679
0.264674
0.258339
0.261088
0.25487
0.257965
0.262656
0.261706
0.261955
0.262501
0.259326
0.25944
0.260931
0.262276
0.259944
0.259593
0.263132
0.261915
0.259859
0.259311
0.25938
0.261151
0.258306
0.259072
0.258771
0.260903
3.90455e-05
0.25509
0.260106
1.95231e-05
0.257719
0.261255
0.259282
0.258795
0.259154
0.260124
0.261276
0.261383
0.263698
0.261447
0.260606
0.26383
0.259489
0.258504
1.59725e-05
0.263052
0.26123
1.59725e-05
