0.263438
0.260063
0.261762
0.263397
0.262264
0.264334
0.263196
0.260984
0.260019
0.26443
0.261388
0.261526
5.32424e-05
0.262635
0.261871
0.263594
0.262603
0.263889
0.260933
0.262572
0.261284
0.260651
0.260063
0.262489
0.262337
0.261188
0.263795
0.264206
0.262733
0.262856
0.263987
0.262113
0.265041
0.258973
0.261481
0.263518
0.261398
0.267442
0.263936
0.262812
0.262149
0.263874
0.260746
0.262038
0.263805
0.262306
0.260356
0.262798
0.261366
0.260072
0.260636
0.2609
0.261046
0.261473
0.262383
0.262115
0.2603
0.263681
0.262923
0.261263
0.266128
0.265493
0.261476
0.265642
0.260989
0.261688
0.263667
0.263931
0.261661
0.259988
0.264266
0.263268
0.26215
0.261733
0.263315
0.261399
0.26183
0.263984
0.260383
0.260884
0.262156
0.263678
2.83953e-05
0.26482
0.261239
0.260493
0.261291
0.264583
0.261231
0.259752
0.260031
0.26314
0.261748
0.26275
0.26212
0.261581
0.262827
0.261492
0.262761
0.262854
0.258581
0.261823
0.259784
0.261983
0.261502
0.260238
0.260667
0.260563
0.262313
0.262805
0.262749
0.261611
0.263341
0.264513
0.262484
0.26167
0.25982
0.263219
0.26526
0.260122
0.26375
0.262331
0.260231
0.263251
0.26101
0.258872
0.262304
0.264985
0.263013
0.259713
0.262082
0.262901
0.260936
0.261472
0.262676
5.32424e-05
0.263145
0.264051
0.262425
0.263271
0.2604
0.262094
0.26005
0.258956
0.262519
0.260342
0.262137
0.261021
0.264146
0.263374
0.263408
0.263464
0.261073
0.263973
0.259928
0.260605
0.255753
0.260454
0.26108
0.263402
0.259816
0.258438
0.26018
0.263089
0.228439
0.261991
0.259052
0.263022
0.263155
0.260083
0.261395
0.261897
0.262412
0.261386
0.262115
0.259266
0.260797
0.260371
0.262433
0.263994
0.263076
0.258132
0.26194
0.262805
0.263843
0.263928
0.262224
0.256805
0.26215
0.256778
0.2636
0.261873
0.261856
0.260683
0.259698
0.258927
2.83974e-05
0.261982
0.262327
0.260863
0.264865
0.260188
0.262135
0.261573
0.261701
0.261607
0.265527
0.260429
0.261938
0.262179
0.263824
0.261343
0.262396
0.261464
0.265615
0.262545
0.26054
0.261135
0.264172
0.260243
0.259342
0.263263
0.261834
0.262842
0.262421
0.263722
0.261356
0.261161
0.263615
0.260292
0.263059
0.267285
3.90454e-05
0.265098
0.261337
0.261203
0.261733
0.263347
0.261322
0.262759
0.263828
0.264331
0.264413
0.260854
0.261622
0.263478
0.261978
0.263837
0.263418
0.266407
0.262048
0.264761
0.260856
0.262628
0.261554
0.261846
0.26326
0.26151
0.262202
0.260841
0.264133
0.262314
0.262375
0.263909
0.261534
0.263251
0.263544
0.262761
0.261975
0.264822
0.264567
0.262331
0.262332
7.27652e-05
0.262705
0.260947
0.260976
0.260702
0.261365
0.26446
0.259447
0.261815
0.261981
0.262069
0.260675
0.261751
0.262614
0.262253
0.262811
0.261588
0.261759
0.263271
0.264138
0.260907
0.261847
0.261469
0.261737
0.261974
0.2616
0.263251
0.26258
0.26175
1.9523e-05
0.262701
0.262317
0.261867
0.26419
0.260984
0.263517
0.262713
0.262083
0.261282
0.262135
0.260717
0.262417
0.25884
0.263686
0.262327
0.259427
0.259643
0.261193
0.262329
0.263427
0.260438
0.262829
0.263196
0.262869
0.261671
0.261305
0.262549
0.263948
0.259703
0.260201
0.263087
0.263056
0.264784
0.263738
0.263417
0.263174
0.261918
0.262245
0.261672
0.263198
0.262752
0.265156
0.262798
0.262037
0.264975
3.54955e-05
0.264456
0.261826
0.261885
9.58381e-05
0.262124
0.261362
0.261272
0.260533
0.262833
0.264258
0.260238
0.262797
0.26265
0.263078
0.262487
0.260546
3.01713e-05
0.263568
0.262073
0.263043
0.262692
0.262978
0.260877
0.261904
0.259635
0.259129
0.261521
0.264839
0.262236
0.26026
0.26166
0.260734
0.262866
0.261006
0.263118
0.263147
0.261681
0.26169
5.85679e-05
0.259994
0.261143
0.26603
0.264293
0.261147
0.260965
0.263704
0.261104
0.263746
0.25938
0.264154
0.26264
0.262323
0.262818
0.263051
0.262748
0.261265
0.263776
0.263482
0.263985
0.263284
0.258795
0.262654
0.263923
0.263203
0.263033
0.260061
0.262348
0.261389
0.261659
0.262524
0.260435
0.26057
0.263479
0.264598
0.262074
0.261745
0.262315
0.257578
0.264548
0.262447
0.263359
0.264232
0.26204
0.262874
0.261588
0.261208
0.261235
0.260883
0.261685
0.263023
0.261476
0.261718
0.261228
0.263538
0.26034
0.264935
0.2615
0.261052
0.262628
0.261347
0.263515
0.260527
0.264854
0.264381
0.26376
0.261402
0.261873
0.26236
0.259989
2.30714e-05
0.260064
0.2636
0.261896
0.261577
0.264301
0.262763
0.259143
0.266536
0.260709
0.262493
0.262142
0.264194
0.261179
0.261913
0.265496
0.261817
0.261476
0.262691
0.262769
0.262285
0.262395
0.26166
0.263328
0.261456
0.261399
0.260449
0.261355
0.263095
0.261936
0.260625
0.261549
0.261671
0.262351
0.260637
0.263161
0.262186
0.262746
0.258982
0.263763
0.264117
0.261826
0.262007
0.261492
0.260974
0.260769
0.262372
0.263038
0.262344
0.263441
0.25973
0.25966
0.260261
0.262895
0.263375
0.26714
0.263371
0.262305
0.256192
0.264243
0.259823
0.261316
0.263041
0.264427
0.262731
0.263259
0.264454
0.263674
0.25951
0.262094
0.262067
0.262814
0.261007
0.260449
0.263359
0.262286
0.263201
0.262084
0.263336
0.263294
0.262456
0.2628
0.263753
0.261467
0.261267
0.260821
0.26171
0.261639
0.259212
0.264106
0.260788
0.263363
0.26077
0.262352
0.260094
0.261158
0.258241
0.262766
0.260819
0.263711
0.262182
0.261009
0.262399
4.43689e-05
0.263051
0.262694
0.25871
0.262809
0.261339
0.26196
0.26274
0.263287
0.260733
0.263223
0.25999
0.261298
0.26295
0.26113
0.26445
0.262238
0.262205
0.262812
0.264563
0.263696
0.26288
0.264519
0.263197
0.262499
0.263111
0.263084
0.264019
0.260349
0.260628
0.261428
0.264534
0.262951
0.262453
0.260696
0.259475
0.260608
0.262104
0.263595
0.264939
0.260604
0.26165
0.261779
0.261518
0.262308
0.259195
0.262075
0.262784
0.261198
0.261683
0.261089
0.263059
0.260624
0.263102
0.260236
0.263865
0.263255
0.263889
0.261085
0.262493
0.261335
0.261131
3.90448e-05
0.261515
0.262233
0.261219
0.259784
0.262074
0.259419
0.260199
0.263907
0.260685
0.260643
0.262748
0.261897
0.260125
0.262511
0.261095
0.261621
0.262852
0.260824
0.264131
0.264107
0.260505
0.261591
0.26321
0.263403
0.260282
0.262998
0.262699
0.263848
0.263936
0.262032
0.259769
0.264373
0.264052
0.261516
0.260968
0.262576
0.263451
0.264345
0.265911
0.261439
0.261317
0.260071
0.259149
0.264179
0.261521
0.259611
0.261982
0.2615
0.259613
0.264743
0.260935
0.261854
0.262893
0.263257
0.262821
0.261461
0.259853
0.26089
0.263968
0.261017
0.262403
0.256559
0.260204
0.261741
0.265237
0.262667
0.26293
0.263686
4.08205e-05
0.260991
0.259151
0.264849
0.258536
0.262941
0.260021
0.259086
0.262853
0.261319
0.261066
0.260273
0.26312
2.30714e-05
0.257883
0.260305
0.262659
0.263951
0.260721
0.262385
0.263343
0.264807
0.260956
0.262679
0.263192
0.260258
0.262504
0.262498
0.263829
0.261932
0.263714
0.261444
0.261497
0.262399
0.262707
0.265149
0.262282
0.260596
0.259392
0.26324
0.261057
0.260205
0.262704
0.261661
0.262642
0.261578
0.263641
0.260897
0.261965
0.259986
0.263452
0.261803
0.261272
0.259038
0.26282
4.43686e-05
0.260713
0.263386
0.261462
0.262802
0.26089
0.262312
0.262999
0.262371
0.265358
0.261584
0.260224
0.26245
0.266153
0.260207
0.259295
0.262141
0.262346
0.260182
0.261984
0.264606
0.262895
0.260146
0.265565
0.264431
0.262778
0.26289
0.259712
0.262673
0.264602
0.26453
0.261371
0.261804
0.261252
2.12973e-05
0.262397
0.264041
0.260675
0.263515
0.262479
0.262381
0.259631
0.262003
0.263453
0.263144
0.260216
0.262176
0.264304
0.261298
0.263386
0.261973
0.25945
0.261149
0.259168
0.259053
0.263322
0.261322
0.261155
0.265585
0.260927
0.261177
0.261623
0.262977
0.262216
0.264233
0.263474
0.266062
0.261168
2.12974e-05
0.260524
0.26198
0.260716
0.262538
0.26407
0.259631
0.261548
0.260402
0.261812
0.26342
0.2619
0.260252
7.09902e-06
0.265565
0.264001
0.26276
0.260646
0.260832
0.25446
0.262505
0.263782
0.265064
0.26292
0.263478
0.261081
0.265255
0.261605
0.261015
0.261858
0.262604
0.259979
0.261141
0.260905
0.264207
0.262611
0.261924
0.262043
0.261521
0.263436
0.26086
0.259633
0.260495
0.261297
0.261753
0.262729
0.262915
0.26135
0.261788
0.263274
0.262146
0.265519
2.30726e-05
0.260845
0.260748
0.260034
0.262798
0.263957
0.261333
0.259597
0.261988
0.263726
0.261422
0.263135
0.261659
0.26348
0.263427
0.264375
0.261251
0.265776
0.261163
0.261198
0.264097
0.263731
0.26194
0.262808
0.265641
0.262723
0.261972
0.262451
0.261347
0.259491
0.263986
0.26089
0.260556
0.263647
0.264105
0.261365
0.263276
0.262775
0.260941
0.264004
0.264194
0.262773
0.262094
0.260115
0.262612
0.261286
0.265498
0.259192
0.262485
0.262553
0.262486
0.262599
0.263138
0.264381
0.26433
0.263048
0.261914
0.262844
0.260933
0.261759
0.262769
0.261409
0.26153
2.12978e-05
0.26011
0.261534
0.265752
0.260819
4.4369e-05
0.260602
0.260335
0.260862
0.26244
0.262233
0.261899
0.263244
0.265165
0.260013
0.260325
0.262702
0.264595
0.263328
0.261582
0.262865
0.261563
0.261634
0.262772
0.263738
0.262957
0.258954
0.260124
0.261064
0.262434
0.265242
0.263612
0.261071
0.263011
0.258076
0.259431
0.262596
2.30719e-05
0.262176
0.264277
0.261249
0.259843
0.261412
0.262837
0.260945
0.260637
0.260447
0.261289
0.260567
0.260201
0.260339
0.259073
0.261146
0.263584
0.262977
0.261704
0.259713
0.262686
0.260291
0.263416
0.264006
0.264984
0.259711
0.2639
0.263033
0.264332
0.261473
0.263231
0.264382
0.261931
