0.263042
0.260399
0.262183
0.263816
0.26316
0.262768
0.262967
0.257335
0.260477
0.261645
0.261789
0.255049
0.261938
0.25875
0.263269
0.258801
0.259936
0.263234
0.262249
0.261855
0.260112
0.262334
0.258989
0.261869
0.25893
0.260867
0.260556
0.262111
0.262263
0.261747
0.2623
2.8396e-05
0.263079
0.261523
0.262539
0.262248
0.260273
0.263584
0.261845
0.262938
0.261437
0.262519
0.261179
0.259708
0.261791
0.258366
0.260077
0.261998
0.257573
0.259758
0.260106
4.25924e-05
0.259168
0.259913
0.259903
0.260899
0.260762
0.263832
0.261448
0.261733
0.26348
0.262341
0.261206
0.266011
0.260859
0.261241
0.261024
0.260713
0.260669
0.259885
0.26169
0.262736
0.261509
0.26238
0.262053
0.262778
0.262103
0.262356
0.261717
0.259741
0.262314
0.260699
0.259826
0.26391
0.259653
0.259882
0.259962
0.260744
0.261031
0.261324
0.261072
0.25814
0.260696
0.261829
0.259735
0.261301
0.260587
0.255666
0.260259
0.260667
0.258881
0.260371
0.260807
0.260911
0.260991
0.261081
1.59731e-05
0.259395
0.261803
0.261084
0.261042
0.26172
0.263368
0.262724
0.260536
0.260147
0.261749
0.262263
0.262151
0.260126
0.259837
0.261151
0.260164
0.260561
0.26153
0.261071
0.257715
4.25952e-05
0.262016
0.26164
0.2598
0.263647
0.259456
0.258817
0.263235
0.260359
0.260438
0.259415
0.261903
0.264567
0.261609
0.259561
0.260032
0.260189
0.2645
0.26065
0.261322
0.261923
0.262442
0.262298
0.259348
0.263397
0.262792
0.261542
0.264521
0.259647
0.261519
0.260685
0.26257
0.260649
0.257491
0.259268
0.260145
0.26362
0.26201
0.26223
6.74429e-05
0.258543
0.261008
0.262367
0.261517
0.261273
0.260154
0.262996
0.259498
0.260704
0.260032
0.259468
0.26091
0.262369
0.263215
0.259841
0.26223
0.258224
3.19463e-05
0.261971
0.262535
0.258441
0.26113
0.260924
0.261872
0.259772
0.262433
0.26015
0.258407
0.257862
0.26198
0.260777
0.26103
0.26317
0.261528
0.262861
0.264426
0.26202
0.260682
0.262137
0.262904
0.259261
0.261104
0.263633
0.263238
0.261544
0.260872
0.261297
0.264592
0.259526
0.262645
0.259331
0.262772
0.260295
0.258809
0.259728
0.260046
0.264066
0.263032
0.2612
0.258694
0.260698
0.262767
0.261485
0.263669
0.264953
0.259867
0.26343
0.262371
0.259361
0.261777
0.262979
0.259191
0.263075
0.265271
0.261893
0.261675
0.261967
0.262398
0.263178
0.260578
0.261514
0.262162
0.2632
0.261954
0.260616
0.26083
0.260447
0.26417
0.262744
0.263858
0.259835
0.260761
0.260651
0.26403
0.259827
0.260181
0.263859
1.95233e-05
0.260942
0.26107
0.261661
0.261446
0.262767
0.262734
0.26139
0.260873
0.260081
0.263329
0.262172
0.257182
0.258969
0.260488
0.260386
0.258974
0.26203
0.258657
3.72686e-05
0.262782
0.260805
0.259937
0.262901
0.262426
0.260894
0.261689
0.261942
0.260551
0.259975
0.259125
0.260521
0.258518
0.261192
0.26191
0.261471
0.263175
0.26227
0.261668
0.260863
0.262168
0.259895
2.30718e-05
0.261005
0.262072
0.26034
0.262942
0.261054
0.26251
0.261729
0.260345
0.259979
2.12966e-05
0.261908
0.261147
5.50169e-05
0.260345
0.262033
0.261738
0.263127
0.257956
0.262376
0.26229
0.261262
0.262093
0.260795
0.261365
0.258775
0.260721
0.260432
0.261904
0.263877
0.262362
0.262661
0.264231
0.263361
0.260594
0.260513
0.263517
0.262452
5.50143e-05
0.263819
0.259684
0.259683
0.263739
0.26015
0.259128
0.262565
0.261033
0.259316
1.95233e-05
0.260272
0.262828
0.260608
0.264235
0.261407
0.26008
0.262556
0.2614
0.260656
0.261301
0.261665
0.263827
0.260556
0.263128
0.263418
0.260509
0.26046
0.260097
0.262735
0.258085
0.26145
0.264049
0.260461
0.259814
0.261976
0.259853
0.260071
0.263335
0.261994
0.259325
0.263631
0.261575
0.259518
0.258024
0.259015
0.262862
0.262721
0.261229
0.262239
0.261592
0.262003
0.263134
0.260152
0.262432
0.264001
0.260995
0.259875
0.26165
0.261981
0.260619
0.261513
0.260512
0.260102
0.261253
0.258536
0.258805
0.261635
0.261331
0.261405
0.261812
0.261077
0.263844
0.259893
0.259817
0.260316
0.260235
0.262888
0.262935
0.261589
0.258549
0.261214
0.259315
0.260521
0.261409
0.260046
0.258228
0.263638
0.261933
0.257938
0.263638
0.259913
0.263595
0.262652
0.261705
0.259963
0.262119
0.261517
0.262892
0.260364
0.262484
0.261375
0.262269
0.266233
0.260572
0.265025
0.262413
0.26161
0.265058
0.263194
0.25849
0.26202
0.260963
0.259611
0.259901
0.260091
0.262849
0.259109
0.262391
0.262356
0.261106
0.260267
0.263011
0.262631
0.263609
0.262885
0.260241
0.261095
6.38886e-05
0.26129
0.262495
0.262709
0.257975
0.263598
0.26122
0.26037
0.258794
0.262895
0.261917
0.261287
0.259176
0.258629
0.264314
0.264517
0.261885
0.259132
0.261713
0.260637
0.259736
0.260787
0.259659
0.258639
0.256316
0.261213
0.261727
0.261017
0.259418
0.260782
0.259534
0.260292
0.262636
0.26052
0.261315
0.26239
0.258021
0.259153
0.260667
0.261193
0.259078
0.261429
0.261296
0.26129
0.260283
0.263489
0.259305
0.261316
0.262379
0.264008
0.262165
0.259328
0.263025
0.262744
0.260798
0.260366
0.261968
0.26196
0.262253
0.259128
0.260989
0.261693
0.261375
0.259704
0.260532
0.261783
0.262662
0.259987
0.261019
0.262106
0.259673
0.260749
0.260611
0.257087
0.261029
0.260596
0.262661
0.26304
0.262306
0.263903
0.263736
0.262518
0.259643
0.262246
0.233237
0.258649
0.260448
0.258365
0.261352
0.261624
0.260829
0.26099
0.260423
0.261252
0.260146
0.2598
0.259664
0.259792
0.261935
0.259451
0.26124
0.260352
0.260881
3.54943e-05
0.263151
0.260937
0.26192
0.258859
0.258507
0.263678
0.262189
0.262592
0.258516
0.260618
0.245889
0.260708
0.260504
0.263366
0.000133106
0.260369
0.261743
0.259936
0.261381
0.261044
0.259452
0.260285
0.26245
0.261731
0.262595
0.262306
0.262933
0.260276
0.263105
0.262359
0.25928
0.25954
0.260395
0.258099
0.261027
0.262102
0.260667
0.258731
0.259747
0.260467
0.264919
0.260742
0.262259
0.261623
0.260978
0.264123
0.258806
0.261549
0.259333
0.262532
0.263622
0.263689
0.261245
0.261552
0.263399
0.262338
0.259194
0.259271
0.260696
0.260779
0.258729
0.262941
0.261688
0.259882
0.260994
5.32438e-05
0.264932
0.261306
0.261834
0.260111
0.262087
0.26228
0.261712
0.261626
0.26107
0.262346
0.26236
0.262568
0.262423
0.2626
0.261827
0.261065
0.261591
0.261491
0.262354
0.263065
0.262421
0.262004
0.258364
0.260679
0.261126
0.259935
0.261663
0.258878
5.67933e-05
0.261888
0.261356
0.261747
0.260452
0.260872
0.260756
0.262796
3.19445e-05
0.262442
0.260064
0.259906
0.262696
0.25999
0.262096
0.261315
0.26074
0.261346
0.263881
0.262286
0.263093
0.264717
0.253646
0.262233
0.260771
0.262881
0.260093
0.263125
0.260234
0.260804
0.26382
0.262072
0.262026
0.259666
0.26129
0.262142
0.256573
0.258294
0.262588
0.263947
0.261566
0.261832
0.262209
0.262072
0.25892
0.262045
0.262651
0.261469
0.260846
0.260278
0.261188
0.262447
0.260913
0.263359
0.26165
0.258911
0.262299
0.261706
0.259478
0.262279
0.261884
0.26124
0.25864
0.261836
0.260328
0.26047
0.263052
0.26415
0.263801
0.261767
0.259596
0.259585
0.262636
0.26178
0.26066
0.262775
0.26257
0.263494
0.262828
0.260784
0.260557
0.261382
0.260509
0.260676
0.261781
4.08197e-05
0.266268
0.26265
0.260226
0.260963
0.261905
4.25929e-05
0.256635
0.259795
0.263042
0.26093
2.12976e-05
0.263701
0.262489
0.260078
6.2115e-05
0.261582
0.261303
0.262166
0.26176
0.263351
0.263667
0.261652
0.261936
0.262162
0.263249
0.260798
3.01708e-05
0.263833
0.262137
0.263428
0.26118
0.263538
0.26044
0.259891
0.261009
0.262953
0.260102
0.260492
0.262179
0.261183
0.260634
0.261405
0.263014
0.259575
0.260592
0.260157
0.264866
0.263393
0.258843
0.265372
0.259885
0.261621
0.260535
0.260279
0.262671
0.260914
0.262015
0.261629
0.261049
0.262361
0.26213
0.260436
0.259308
0.261486
0.261774
0.261297
0.262338
0.259932
0.265377
0.262169
0.26313
0.259648
0.265179
0.26247
0.260963
0.261617
0.260053
0.262167
0.258892
0.260923
0.261033
0.265114
0.262975
1.5973e-05
0.260095
0.263384
0.259607
0.26003
0.263878
0.259894
0.259834
0.259941
0.262895
0.262679
0.261549
0.26293
0.262549
0.258137
0.263416
0.261295
0.258008
0.263155
0.260593
0.26087
4.96961e-05
0.264172
0.261348
0.262606
0.262967
0.262287
0.264804
0.263762
0.259523
0.259415
0.259521
0.263889
0.263563
0.262114
0.25896
0.260134
0.262028
0.257978
0.260031
0.258518
0.261149
0.262277
0.26259
0.259013
0.2638
0.260162
0.260193
0.261266
0.261662
0.258367
0.262989
0.263981
0.26123
0.262105
3.01711e-05
0.258468
0.261031
0.260397
0.261797
0.26029
0.264261
0.262443
0.261069
0.263589
0.261946
0.260283
0.260749
0.261539
0.261246
0.258323
0.259224
0.26187
0.26137
0.262756
0.259485
0.264862
0.260852
0.257403
0.262079
0.260558
0.262754
0.264823
0.261531
0.260885
0.261719
0.262352
0.25923
0.260371
0.260339
0.262315
0.259979
0.260517
0.259111
0.263803
0.261259
0.261326
0.260966
0.261927
0.259707
0.260606
0.25976
0.263945
0.259954
4.25939e-05
0.258011
0.261497
0.260133
0.262462
1.95225e-05
0.260141
0.261575
0.259455
0.258248
0.263595
0.259505
0.260975
0.259336
0.25658
0.260608
0.262381
0.263563
0.263185
0.26276
0.264269
0.262695
0.263327
0.26157
0.261938
0.259856
0.262825
0.221623
0.262763
0.261535
0.261007
0.259403
0.258605
0.258848
0.261929
0.261374
0.259013
0.262918
0.259238
0.259567
0.264649
0.239418
0.260739
0.260892
0.258713
0.262643
0.261102
0.262226
0.262106
0.26105
0.263323
0.259253
0.260671
0.260149
0.262863
0.26164
0.260966
