0.258844
0.26135
0.258236
0.26194
0.258292
0.261009
0.259751
0.256831
0.259098
0.260339
0.258303
0.254306
0.259431
0.259595
0.258122
0.257617
0.258907
0.261505
0.259344
0.26141
0.258192
0.260777
0.260077
0.259606
0.25784
0.259738
0.26238
0.260388
0.260158
0.258418
0.261598
0.261169
0.258918
0.259076
0.258862
0.260436
0.259712
0.262735
0.261746
0.259914
0.259159
0.259718
0.257961
0.258664
0.26022
0.25897
0.254885
0.259334
0.257442
0.258303
0.25908
0.259869
0.260087
0.259388
2.48462e-05
0.26026
0.260158
0.261892
0.260985
0.259002
0.262174
0.260413
0.259788
0.263777
0.258241
0.261906
0.260316
0.259646
0.257003
0.257062
0.26133
0.262157
0.258827
0.259992
0.26001
0.259451
0.260527
3.72703e-05
0.259737
0.258793
0.260355
2.3071e-05
0.260136
0.26164
0.259722
0.255722
0.262143
0.260957
0.259552
3.54971e-05
0.256709
0.261422
0.260197
0.258901
0.260343
0.255758
0.261213
0.257671
0.259431
0.259368
0.258927
0.258547
0.260038
0.258879
0.26106
0.259319
0.260786
0.260139
0.260288
0.258491
0.260552
0.259845
0.261478
0.259453
0.261075
0.261702
0.257992
0.260596
0.26077
0.257611
0.256587
0.259561
0.259479
0.260282
0.259583
0.258587
0.257496
0.258145
0.257336
0.258492
0.259873
0.259586
0.261048
0.258158
0.262308
0.247208
0.259435
0.257184
0.261071
0.259397
0.25903
0.259438
0.257583
0.257032
0.261557
0.260196
0.262425
0.259777
0.262254
0.25797
0.260333
0.261705
0.260432
0.260894
0.259286
0.257691
0.256541
0.257616
0.260115
0.25985
0.257053
0.258445
0.258283
0.261075
0.257589
0.260518
0.259714
0.260942
0.261659
0.256933
0.260424
0.257737
0.257822
0.257952
0.2608
0.258159
0.25919
0.259917
0.261593
0.261916
0.262416
0.256991
0.261099
0.259938
0.261876
0.261144
0.26031
0.257951
0.260989
0.260161
0.260557
1.06484e-05
0.261183
0.260897
0.254563
0.258117
0.260005
0.259669
0.259023
0.258249
0.260417
0.259239
0.263229
0.259212
0.257836
0.257542
0.262724
0.259911
0.2588
0.261668
0.258954
0.258979
0.260669
0.257596
0.262143
0.259826
0.25791
0.256792
0.261938
0.260412
0.260218
0.26031
0.257934
0.259242
0.259258
0.257752
0.259825
0.257871
0.260749
0.258455
0.262652
0.262363
0.258919
0.26315
0.26046
0.256312
2.12976e-05
0.26097
0.258997
0.260143
0.260848
0.258327
0.259538
0.259353
0.257863
0.261921
0.261726
0.259786
0.259761
0.262998
0.259092
0.260678
0.258205
0.256903
0.260275
0.261589
0.25823
0.258463
0.260319
0.259772
0.259662
0.258544
0.259785
0.258565
0.260693
0.263006
0.259524
0.260463
0.258021
0.261938
0.258567
0.255361
0.258231
0.257798
0.259808
0.261604
0.257842
0.258478
0.258322
0.260211
0.256827
0.258846
6.03438e-05
0.261642
0.259955
0.25801
1.95229e-05
0.261804
0.261499
0.2586
0.258944
0.263324
0.257751
0.260522
0.259515
0.261469
0.259247
0.261619
0.262576
0.259666
0.25829
0.257505
0.259806
0.261202
0.25966
0.259357
0.260498
0.26216
0.260234
0.260633
0.260081
0.25818
0.261347
0.257874
0.259338
0.257901
0.25858
0.25894
0.258786
0.258427
4.25943e-05
0.258368
0.259045
0.258461
0.260158
0.261311
0.259511
0.257842
0.258774
0.260659
0.257221
0.257496
0.260064
0.259653
0.258191
0.26408
0.25997
0.258887
1.59729e-05
0.260954
0.258993
0.259045
0.260342
0.26097
0.260801
0.261043
0.259478
0.256299
0.260185
0.262079
0.259215
0.259707
0.258719
0.258297
0.260087
0.261612
0.260512
0.259088
0.263461
0.25962
0.261815
0.263259
0.261935
0.258537
0.257191
0.257205
0.261019
0.259395
0.261002
0.261128
0.259774
8.16406e-05
0.257529
0.258978
0.258181
0.260159
0.26307
0.260183
0.26016
0.25845
0.259809
0.258688
0.259659
0.259911
0.260263
0.260845
0.258322
0.258125
0.258402
0.25858
0.260768
0.260589
0.262416
0.260232
0.260607
0.260436
0.259542
0.257203
0.258686
0.261442
0.2322
0.259728
0.257001
0.259362
0.256065
0.260281
0.262045
0.260723
0.259115
0.256335
0.260299
0.260551
0.262183
0.260548
0.259333
0.258939
0.260332
0.256054
0.259469
0.257302
0.26134
0.259809
0.260377
0.258137
0.259862
0.261218
0.257799
0.259467
0.257433
0.258759
0.260903
0.260166
0.259163
0.258772
0.259378
0.260002
0.257225
0.259784
0.262001
0.256341
0.260231
0.257364
0.257215
0.257607
0.261091
0.259668
0.259768
0.259778
0.26069
0.264471
0.258062
0.259796
0.261903
0.25883
0.260365
0.259805
0.25941
0.259599
0.259972
0.258831
0.258241
0.256871
0.258764
0.259754
0.261175
0.256882
0.261534
0.257386
0.260214
0.259991
4.6144e-05
0.260705
0.260781
0.259275
0.261595
0.260313
0.259393
0.26051
0.258668
0.260935
0.260125
0.260105
0.259736
0.259001
0.255464
0.260292
0.261441
0.25874
0.258383
0.259508
0.260267
0.263398
0.258669
0.261019
0.26211
0.259755
0.257741
0.261404
0.261793
0.256726
0.261081
0.258656
0.260305
0.257552
0.260553
0.257774
0.258559
0.261091
0.259434
0.256702
0.259189
0.260946
0.261148
0.254621
0.259635
0.25908
0.257179
0.259733
0.258116
0.259171
0.25925
0.260382
0.259524
0.260322
0.26225
0.25877
0.256762
0.260089
0.25892
0.260787
0.259312
0.257217
0.260931
0.258901
0.258292
0.257092
0.25834
0.257398
0.260997
0.260504
0.261322
0.258186
0.257105
0.256471
3.90439e-05
0.258677
0.25744
0.262472
0.261615
0.260772
0.259512
0.258618
0.257856
0.257898
0.257817
0.259238
0.258669
0.261627
0.261417
0.256496
0.25833
0.260591
0.259046
0.256885
0.257314
0.257545
0.260038
0.261981
0.260538
0.258353
0.259044
0.259355
0.257445
0.258636
0.260556
0.260418
0.260988
0.258726
0.259256
0.258751
0.259242
0.258364
0.259967
0.261374
0.25996
0.260231
0.25981
0.261402
0.260681
0.261199
0.260525
0.260197
0.258002
3.37203e-05
0.260178
0.259712
0.259769
0.256737
0.259509
0.260224
0.261963
0.259084
0.258288
0.259127
0.259126
0.259177
0.25619
0.258396
0.260445
0.259354
0.259142
0.259798
0.262463
0.259499
0.26025
0.258731
0.261737
0.259013
0.26115
0.259493
0.261934
0.258923
0.259138
0.258979
0.258657
0.259302
0.258891
0.256881
0.259344
0.259133
0.259606
0.260572
0.259281
0.256984
0.260492
0.260454
0.25755
0.259423
0.257903
0.25946
0.25866
0.259581
0.259954
0.261699
0.258269
0.256979
0.259916
0.262588
0.258915
0.258825
0.257568
0.261271
0.260992
0.260176
0.259143
0.26436
0.260498
0.260624
0.259561
0.261544
0.256583
0.261429
0.261835
0.256795
0.260137
0.259536
0.258624
0.258095
0.261455
0.25862
0.25963
0.261043
0.258654
0.262302
0.255728
0.259866
0.25986
0.262815
0.261267
0.259399
0.258563
0.259669
0.258323
0.259516
0.260591
0.259036
0.258601
0.260043
0.262817
0.258825
0.256924
0.259301
0.259886
0.260208
0.260402
0.259063
0.259628
0.259228
0.258486
0.25598
0.258826
0.259381
0.260911
0.258294
0.258203
0.260382
0.257638
0.208692
0.257968
0.25964
0.260059
0.258712
0.260416
0.261529
0.258602
0.26004
0.259066
0.261678
0.259256
0.259786
0.259469
0.258189
0.259074
0.261483
0.256987
0.258324
0.259535
0.259363
0.260058
0.259487
0.259367
1.59728e-05
0.25758
0.260072
0.258332
0.259783
0.25791
0.259708
0.262891
0.261444
0.260757
0.258154
0.259385
1.77478e-05
0.258333
0.25812
0.260817
0.260644
0.261015
0.259031
0.259278
0.260008
0.258278
0.260692
0.258844
0.258682
0.261668
0.258813
0.258646
0.261032
0.260747
0.259749
0.2596
0.259745
0.257155
0.261148
0.262067
0.261104
0.26194
0.260687
0.261809
0.259726
0.259347
0.259681
0.261275
0.257979
0.263188
0.258811
0.260555
0.259214
0.26075
0.256336
0.261238
0.260158
0.257936
0.258215
0.259064
0.258727
0.256733
0.258805
0.260827
0.261845
0.26007
0.261225
0.258958
0.259343
0.258071
0.259497
0.260194
0.259905
0.258654
0.257406
0.261448
0.261029
0.259153
0.261517
0.259299
0.26096
0.259532
0.257463
0.258972
4.61444e-05
0.259351
0.26146
0.259376
0.260799
0.260084
0.25894
0.259974
0.259516
0.260874
0.258596
0.260002
0.259662
0.259396
0.260185
0.260493
0.259611
0.262332
0.262756
0.258504
0.258582
0.260176
0.258447
0.255644
0.258811
0.259999
0.260174
0.258987
0.261812
0.257246
0.261425
0.259827
0.259939
0.258447
0.260889
0.259564
0.258783
0.260337
0.26062
0.261249
0.260144
0.260341
0.259311
0.260353
0.259573
0.258316
0.258603
0.257746
0.260944
0.262761
0.260887
0.262388
0.260326
0.260344
0.259493
0.261164
0.261153
0.259253
0.257229
0.259276
0.2608
0.259532
0.259116
0.258023
0.257122
0.263114
0.261087
0.261069
0.257915
0.260445
3.90433e-05
0.25963
0.259955
0.26183
0.258519
0.259941
0.260932
0.259323
0.257169
0.261514
0.261649
0.260114
0.260302
0.257959
0.255939
0.258326
0.260546
4.08181e-05
0.262153
0.262333
0.261355
0.258217
0.261739
0.25776
0.261818
0.260623
0.259071
0.259032
0.260259
0.257785
0.258865
0.259449
0.259148
0.257467
0.26328
0.261278
0.258528
0.261504
0.259451
0.261598
0.263689
0.262076
0.25928
0.260134
0.259602
0.259349
0.260834
0.26004
0.26084
0.259271
0.259054
0.26084
2.48457e-05
0.256967
0.259516
0.258267
0.257838
0.256653
0.257896
0.260536
0.261513
0.261814
0.262
0.257809
0.260652
0.257871
0.260545
0.263339
0.26235
0.257538
0.257061
0.257707
0.262062
0.252005
0.259386
0.256698
0.256339
0.260081
0.260267
0.261044
0.263387
0.256985
0.261557
0.261844
0.260955
0.259339
0.257747
0.258149
0.260724
0.260878
0.257501
0.259574
0.260219
0.25887
0.25685
0.260663
0.261771
0.259312
0.255847
0.260263
0.257456
0.258693
0.261
0.258542
0.261262
0.257846
0.259533
0.261138
0.256756
0.263039
0.25859
0.257834
0.26186
0.258506
0.258346
0.260529
0.26276
0.260117
2.83956e-05
