0.263993
0.265512
0.265152
0.26556
0.263268
0.265674
0.264437
0.261449
0.261581
0.266661
0.264673
0.261691
0.264041
0.263129
0.261269
0.262506
0.26096
0.263306
0.261431
0.264544
0.264075
0.265395
0.264342
0.263543
0.26229
0.26266
0.265779
0.263336
0.264645
0.264134
0.263183
0.263036
0.264568
0.26441
0.263581
0.26614
0.261877
0.265593
0.261221
0.263676
0.263702
0.266483
0.265554
0.262143
0.265616
1.59732e-05
0.260823
0.262901
0.26242
0.262459
0.262406
4.43671e-05
0.261512
0.263361
0.264253
0.26305
0.262616
0.265406
0.263336
0.26428
0.265113
0.265544
0.263953
0.268476
0.262082
0.262279
0.262609
0.264248
0.262332
0.263321
0.26551
0.264768
0.264129
0.266163
0.263994
0.262872
0.262664
0.264302
0.252868
0.262971
0.265359
0.262468
0.263753
0.263741
0.262941
0.262317
0.263465
0.265243
0.262784
0.262956
0.262092
0.26273
0.262421
0.263004
0.263565
0.260277
2.66204e-05
0.262392
1.95223e-05
0.262068
0.25991
0.263348
0.263616
0.262441
0.26234
0.26049
0.260885
0.263836
0.264056
0.263629
0.265339
0.263301
0.265532
0.263021
0.263902
0.263053
0.261243
0.263131
0.265919
0.262271
0.262005
0.263838
0.263197
0.26481
0.26254
0.261792
0.262297
0.263758
0.262534
2.30714e-05
0.263582
0.263403
0.263078
0.260583
0.262512
0.264183
0.262021
0.260588
0.263561
0.265566
0.262653
0.262063
0.259777
0.26278
0.265955
0.260581
0.266812
0.266447
0.263571
0.262548
0.262194
0.265979
0.265316
0.263762
0.260335
0.262685
0.261759
0.259711
0.262942
8.8737e-05
0.260152
0.262048
0.262894
0.263378
0.263767
0.265198
0.26479
0.263232
0.265569
0.262738
0.262681
0.261606
0.262811
0.262654
0.264962
0.259471
0.261091
0.262346
0.265233
0.259185
0.264115
0.259697
0.26421
0.263098
2.83967e-05
0.264072
0.264363
0.26059
0.264665
0.263852
0.265049
0.260939
0.263799
0.2649
0.263245
0.259881
0.26461
0.263528
0.263284
0.262897
1.59727e-05
0.265749
0.264151
0.261516
0.258874
0.263286
0.264866
0.262516
0.263617
0.263171
0.264058
0.264943
2.30715e-05
0.263907
0.266941
0.264579
0.263356
0.263997
0.266419
0.261266
0.261351
0.262739
0.26199
0.26371
0.264753
0.264436
0.262795
0.265696
0.264228
0.262418
0.264241
0.265545
0.263533
0.26761
0.263429
0.260612
0.261589
0.263735
0.259686
0.263213
0.263734
0.26242
0.262704
0.264299
0.263867
0.265867
0.266215
0.265467
0.262377
0.263433
0.263369
0.26293
0.264159
0.261934
0.26586
0.263195
0.263879
0.264731
0.263934
0.262269
0.267409
0.264518
0.263523
0.264807
0.26415
0.263867
0.264241
0.263732
0.264621
0.263793
0.264397
0.262687
0.263574
0.262411
0.262101
0.263952
0.261698
0.262563
0.26148
0.263501
0.263876
0.263711
0.259459
0.261723
0.2642
0.264482
0.264537
0.263983
0.264658
0.262146
0.26528
0.264569
0.265018
0.264458
0.2625
0.264372
0.261837
0.261146
0.260764
0.265757
0.263013
0.263942
0.262767
0.266689
0.264567
0.26195
0.264575
0.263862
0.262885
0.262707
0.266276
0.261802
0.26542
0.263015
0.266954
0.264658
0.264806
0.262824
0.263355
0.261235
0.262571
0.263223
0.264292
0.262179
0.262592
0.263955
0.2627
0.261685
0.262746
0.263083
0.265926
0.26231
0.264963
0.26367
0.266226
0.262695
0.264244
0.264929
0.263841
0.266273
0.263475
0.265395
0.263344
5.67943e-05
0.264542
0.265538
0.262765
0.262283
0.26601
0.266676
0.264193
0.263605
0.262181
0.261448
0.26607
0.264433
0.260592
0.262783
0.265178
0.262965
0.262965
0.266681
0.263995
0.262927
0.262078
0.264169
0.265998
0.263814
0.264846
0.26455
0.263574
0.264391
0.263585
0.262673
0.262709
0.264765
0.266674
0.262261
0.260531
0.265382
0.264258
0.263276
0.261459
0.261212
0.264221
0.264256
0.263884
0.2632
0.265253
0.262985
0.264515
0.264434
0.264683
0.265433
0.261901
0.263297
0.265351
0.261391
0.266291
0.263075
0.262642
0.263501
0.263471
0.263602
0.261884
0.260926
0.264254
0.265902
0.26169
0.262785
0.264141
0.263955
0.265287
0.264785
0.264414
0.26296
0.262942
0.2622
0.264128
0.265651
0.264134
0.26316
0.263845
0.263566
0.265139
0.264879
0.263509
0.264151
0.263577
0.261963
0.266069
0.262154
0.262893
0.263177
0.265185
0.261954
0.266951
0.262652
0.264454
0.262059
0.263564
0.263722
0.262276
0.261996
0.263867
0.264618
0.263989
0.265727
0.263827
0.267363
0.262559
0.265753
0.263623
0.262836
0.262957
0.263934
0.264501
0.264569
0.26133
0.265937
0.26379
0.262391
0.263167
0.264351
0.264806
0.263092
0.264571
0.263846
0.263698
0.263231
0.26328
0.265282
0.260905
0.266016
0.263084
0.2631
0.262472
0.263305
0.265178
0.263709
0.261332
0.263608
0.26514
1.59724e-05
0.262417
0.263352
0.26348
0.263635
0.262015
0.263326
0.262026
0.265645
0.260121
0.265316
0.262644
0.26251
0.260369
0.264832
0.265825
0.263576
0.263721
0.263513
0.263435
0.265242
0.265094
0.263173
0.263541
0.260431
0.263798
0.260697
0.263059
0.265939
0.261747
0.262297
0.262824
0.262463
0.25978
0.265453
0.265914
0.264891
0.263107
0.263808
0.263257
0.266039
0.265994
0.26555
0.260117
0.262299
0.262415
3.37214e-05
0.265898
0.26074
0.267345
0.264328
0.262548
0.26089
0.264649
2.30721e-05
0.264534
0.263785
0.261977
5.32422e-05
0.262577
0.263418
0.262384
0.26239
0.261498
0.264225
0.2635
0.263381
0.264597
0.266013
0.266422
0.265686
0.262603
0.264328
0.263
0.265193
0.265322
0.26316
0.262761
0.263475
0.265025
0.260493
2.66225e-05
0.26193
0.265153
0.261667
0.263299
0.262463
0.264749
0.264319
0.260462
0.262265
0.262531
0.261092
0.264638
0.266516
0.263274
0.261301
0.263168
0.264874
0.262814
0.266285
0.262278
0.262908
0.260536
0.263762
0.263796
0.264071
0.263109
0.26433
0.264213
0.262364
0.264839
0.262254
0.262295
0.262306
0.264508
0.263731
0.264962
0.262778
0.26335
0.261227
0.264844
0.263896
0.261958
0.262309
0.261595
0.261149
0.261105
0.264429
0.265494
0.261366
0.26441
0.262423
0.265104
0.262165
0.264978
0.263005
0.265132
0.262494
0.263713
0.262234
0.259211
0.263563
0.261874
0.260322
0.265657
0.264021
0.263236
0.266246
0.262131
0.264021
0.26588
0.263614
0.262882
0.263791
0.262387
0.262848
0.263188
0.263681
0.263269
0.26325
0.263579
0.26192
0.2639
0.264409
0.261542
0.264591
0.263616
0.265958
0.263761
0.266406
0.264531
0.263148
0.262299
0.264068
0.26537
0.263894
0.260519
0.262737
0.264912
0.262433
0.263296
0.262003
0.261713
0.262237
0.264719
0.261728
0.262724
0.260777
0.260062
0.265027
0.261236
0.263359
0.263644
0.262322
2.12963e-05
0.265786
0.261462
0.264135
0.264721
0.263003
0.26312
0.264898
0.262873
0.263536
0.26761
0.264733
0.26359
0.265692
0.263269
0.265108
0.264101
0.26391
0.263011
0.26339
0.262625
0.264745
0.262459
0.260583
0.263444
0.261666
0.262619
0.261317
0.260676
0.262974
0.262114
0.263823
0.264753
0.2644
0.26467
0.263421
0.261799
0.263165
0.263072
0.264504
0.263436
0.264788
0.263778
0.260681
0.264422
0.26339
0.262099
0.262819
0.263866
0.264695
0.262848
0.262558
0.262562
0.261018
0.263648
0.263384
0.260971
0.263857
0.265343
0.263671
0.263649
0.263721
0.264141
2.66208e-05
0.263438
0.264343
0.263521
0.263017
0.264002
0.26469
0.264211
0.26427
0.261033
0.264687
0.263867
0.262204
0.261719
0.26175
0.267782
0.263337
0.262298
0.265694
0.264316
0.263902
2.30721e-05
0.262815
0.261524
0.262438
0.265447
0.266114
0.263317
0.264029
0.264033
0.262782
0.264403
0.262871
0.263325
0.262959
0.266185
0.264174
0.263512
0.265254
0.26441
0.261678
0.265412
0.265421
0.261715
0.264141
0.262974
0.264717
0.261818
0.263714
0.265725
0.262603
2.8396e-05
0.263702
0.264508
0.265016
0.263722
0.262292
0.263845
0.263989
0.265385
0.262276
0.264307
0.265015
0.264666
0.267044
0.26155
0.263612
0.264883
0.262524
0.262596
0.266344
0.263662
0.263258
0.264817
0.26011
0.264299
0.263839
0.26073
0.264618
0.264807
0.264786
0.263713
0.263904
0.262928
0.263773
0.261228
0.261263
0.264105
0.265162
0.26459
0.263821
0.262048
0.26515
0.262678
0.262693
2.83963e-05
0.263571
0.265337
0.265084
0.262579
0.263364
0.265137
0.262117
0.263234
0.261429
0.26344
0.262423
0.263514
0.26256
0.263031
0.263672
0.263729
0.261622
0.266174
0.262559
0.261301
0.263132
0.264497
0.260761
2.66229e-05
0.264009
0.264124
0.265787
0.26473
0.266035
0.264719
0.266316
0.264421
0.26308
0.262934
0.262109
4.96926e-05
0.264513
0.262373
0.262168
0.266752
0.262689
0.263632
0.26216
0.264566
0.266222
0.264972
0.262864
0.266551
0.261838
0.263878
0.264583
0.264995
0.26476
0.264236
0.264904
0.262276
0.263569
0.260836
0.262985
0.260353
1.41978e-05
0.263843
0.263195
0.264863
0.265448
0.264908
0.264893
0.262418
0.261543
0.263026
0.264911
0.2649
0.263526
0.261885
0.264109
0.262513
4.43679e-05
0.262552
0.266771
0.264981
0.261465
0.263371
0.261838
0.265299
0.266262
0.265955
0.261217
0.265925
0.261958
0.260501
0.264519
0.264774
0.262751
0.263094
0.261326
0.26043
0.265431
0.265607
0.264755
0.263754
0.26345
0.263258
0.262298
7.45397e-05
0.262795
1.77479e-05
0.266576
0.26182
0.263813
0.266118
0.265076
0.264393
0.263909
2.12966e-05
0.264375
0.261531
0.265288
0.263165
0.262952
0.261622
0.263666
0.263254
0.264809
0.26484
0.265673
0.260624
0.263955
0.263098
0.261495
0.263531
0.26283
0.262504
0.265734
0.263688
0.260434
0.2619
0.263932
0.26283
0.258792
0.262055
0.261945
3.72707e-05
0.262197
0.262964
3.72713e-05
0.262238
0.265889
0.26357
0.263628
0.264897
8.87409e-05
0.261644
0.265227
0.263976
0.262294
0.262317
0.266448
0.261947
0.264648
0.265035
0.267222
0.263934
0.261706
