0.262777
0.258757
0.263367
0.263468
0.261689
0.264474
0.26135
0.258424
0.261769
0.262463
0.259835
0.2608
0.261528
0.258724
0.257773
0.261351
0.262144
0.261688
0.260093
0.259992
0.263408
0.263542
0.260471
0.261576
0.259036
0.261297
0.26115
0.258792
0.262503
0.26075
0.260322
0.260058
0.261342
0.259839
0.26017
0.261953
0.261047
0.263712
0.258138
0.262104
0.260759
0.266011
0.259085
0.262997
0.26092
0.259357
0.255625
0.261293
0.260567
0.260228
0.260462
0.261177
0.258531
3.54951e-05
0.261701
0.259412
0.261203
0.259519
0.26113
0.259055
0.262066
0.26061
0.260874
0.263972
0.260598
0.259798
0.260383
0.26165
0.261833
0.258922
0.261401
0.262127
0.259374
0.261247
0.260175
0.259465
0.258855
0.260498
0.263151
0.261279
0.260475
0.262049
0.259215
0.261425
0.259633
0.258398
0.261848
0.262817
0.259811
0.260638
0.25831
0.260636
0.259203
0.261282
0.258987
0.260607
0.259219
0.259407
0.259062
0.261031
0.257509
0.259958
0.260418
0.260483
0.259732
0.260648
0.25935
0.260991
0.264105
0.261359
0.261933
0.260963
0.263945
0.260004
0.261599
0.2609
0.260977
0.25915
0.263828
0.259769
0.260536
0.258301
0.262922
0.259867
0.261214
0.25902
0.260066
0.261625
0.25948
0.26112
0.259797
0.261677
0.259152
0.259433
0.261073
0.260524
0.259962
0.260317
0.260531
0.261149
0.260423
0.259222
0.260506
0.258798
0.262404
0.259204
0.261395
0.261374
0.262634
0.262172
0.260558
0.261808
0.260437
0.261167
0.260019
0.260617
0.261564
0.259317
0.25962
0.261293
3.01716e-05
0.261281
0.258065
0.263639
0.262351
3.19466e-05
0.25891
0.261414
0.261533
0.259737
0.260364
0.260467
0.259586
0.259631
0.260098
0.258338
0.25973
0.25931
0.262662
0.25867
0.259145
0.259894
0.259747
0.258886
0.260698
0.262642
0.261571
0.256595
0.260022
0.260661
0.262182
0.260579
0.262594
0.258979
0.259126
0.258935
0.25971
0.261398
0.260714
0.259487
0.20721
0.26049
0.262732
0.26049
0.260029
0.259924
0.262369
0.259902
0.261125
0.259331
0.259857
0.261629
0.260009
0.259272
0.263474
0.260715
0.26161
0.259388
0.262261
0.258435
0.259283
0.259799
0.260503
0.2618
0.261232
0.262856
0.259225
0.257984
0.261695
0.261141
0.261268
0.264749
0.261863
0.262033
0.261264
0.259575
0.259021
3.54965e-05
0.257973
0.260764
0.261425
0.260879
0.262394
0.263534
0.259444
0.263694
0.262253
0.258842
0.261397
0.262494
0.26148
0.262713
0.260024
0.256746
0.259847
0.260079
0.261059
0.260399
0.260273
0.260037
0.261962
0.259987
0.258644
2.30731e-05
0.261557
0.260731
0.26093
0.26118
0.258906
0.262286
0.262175
0.258389
0.263296
0.258927
0.25975
0.261077
0.261723
0.259324
0.259387
0.260362
0.259622
4.61455e-05
0.260043
0.262864
0.261288
0.261575
0.258734
0.263859
0.2605
0.260083
0.26047
0.261246
0.262377
0.263157
6.21135e-05
0.26198
6.9215e-05
0.261142
0.260886
0.262784
0.258475
0.258994
0.260422
0.260648
0.260066
0.259444
0.260083
0.262016
0.262695
0.261694
3.01712e-05
0.260555
0.238689
0.259468
0.262758
0.261534
0.261186
0.260296
0.260053
0.2605
0.26054
0.262959
0.260792
0.262566
0.25936
0.263077
0.260931
0.261262
0.261474
0.263067
0.262396
0.257882
0.259539
0.262537
0.262591
0.261386
0.260392
0.260531
2.3072e-05
0.2602
0.260122
0.260733
0.259684
0.263589
0.263843
0.261382
0.259627
0.259863
0.261057
0.260803
0.260448
0.259716
0.260676
0.260672
0.260577
0.260819
0.260521
0.259305
0.263648
0.261084
0.260678
0.261259
0.262778
0.258583
0.258793
0.261832
0.26309
0.260354
0.261831
0.261197
0.25839
0.263438
0.260697
0.261061
0.258847
0.259533
0.263449
0.262483
0.256247
0.26057
0.26005
0.25937
0.261333
0.260104
0.25887
0.260786
0.259861
0.261
0.258825
0.258756
0.262096
0.263158
0.260288
0.258851
0.262387
0.26011
0.262037
0.258072
0.259776
0.26121
0.259908
0.261771
0.26214
0.259914
0.257568
0.260521
0.260119
0.263534
0.260344
0.25526
0.261341
0.260142
0.262529
0.258253
0.26062
0.26154
0.260766
0.26105
0.262469
0.262325
0.261092
0.259578
0.260979
0.260927
0.261403
0.262785
0.258939
0.26337
0.260266
0.261915
0.261407
0.263551
0.262576
0.26019
0.26084
0.258094
0.261339
0.261708
0.263201
0.259823
6.03414e-05
0.259414
0.26069
0.260433
0.254634
0.263022
0.26042
0.262561
0.26126
0.264386
0.26197
0.262254
0.261651
0.260738
0.260713
0.260325
0.260516
0.260286
0.258528
0.261637
0.261768
0.261159
0.25993
0.259658
0.261981
0.258629
0.261696
0.262478
0.260367
0.259659
0.257876
0.261575
0.258481
0.259692
0.255783
0.260677
0.260179
0.262347
0.260959
0.260063
0.257434
0.259752
0.26133
0.258868
0.260302
0.260101
0.262185
0.259728
0.262741
0.259546
0.261239
0.263304
0.259306
0.260819
0.260802
0.25923
0.256176
0.264258
0.259823
0.259202
0.260254
0.256822
0.258933
0.259712
0.259502
0.262151
0.259787
0.259891
0.257735
0.260502
0.261107
0.261205
0.26242
0.259145
0.261184
0.258582
0.258982
0.259897
0.258295
0.261343
0.260809
0.261738
0.261384
0.258465
0.261252
0.260864
0.258585
0.260517
0.259589
0.258155
0.261002
0.257478
0.262432
4.25953e-05
0.259888
0.260052
0.261335
0.261178
0.259654
0.260685
0.258131
0.260088
0.259868
0.254855
0.25936
0.257992
0.25842
0.263389
0.262153
0.263736
0.262052
0.26249
0.261016
0.261203
0.260889
0.262395
0.260663
0.262115
0.262301
0.260177
0.261157
0.262091
0.258355
0.260454
0.259285
0.261998
0.261451
0.258968
2.30707e-05
2.8397e-05
0.260094
0.259373
0.25999
0.259821
3.72689e-05
0.262549
0.262104
0.260057
0.258514
0.260716
0.261991
0.261153
0.258651
0.263257
0.259327
0.262547
0.258864
0.261421
0.26075
0.260471
0.2619
0.261276
0.261063
0.259041
0.262267
0.258316
0.262669
0.260203
0.260595
0.261816
0.262651
0.261344
0.260959
0.259103
0.261646
0.261381
0.258753
0.259762
0.26168
0.257876
0.257012
0.262274
0.259609
0.257309
0.262651
0.260313
0.261609
0.261563
0.261824
0.261782
0.260577
0.260598
0.258861
0.259091
0.260331
0.259903
0.260861
0.262619
0.261298
0.260997
0.260888
0.261337
0.257315
0.260242
0.261438
0.25754
0.257903
0.260642
0.260648
0.260798
0.260444
0.261899
0.260728
0.261509
0.259515
0.259836
0.257426
0.258035
0.260929
0.261791
0.259639
0.262673
0.259489
0.262187
0.259604
0.262351
0.26076
0.261158
0.25963
0.260348
0.257728
0.26211
0.262502
0.259588
0.260957
0.261473
0.259738
0.261694
0.260969
1.41986e-05
0.263045
0.259845
0.259229
0.264077
0.257927
0.260203
0.259163
0.262822
0.260436
0.262244
0.259619
0.2613
0.261743
0.261431
0.261856
0.260527
0.25715
0.25997
0.263434
0.259318
0.260889
0.265188
0.262747
0.261985
0.261249
0.261024
0.25865
0.260209
0.261805
0.259132
0.261506
0.261557
0.261593
0.259096
0.25938
0.259303
0.255966
0.258993
0.259734
0.260689
0.260116
0.259771
0.262099
0.261687
0.259128
0.262633
0.26315
0.259596
0.261936
0.264296
0.262122
0.259744
0.260622
0.260916
0.262998
0.26088
0.260174
0.26275
0.259495
0.258583
0.260141
0.262168
0.259399
0.261416
0.25825
0.26082
0.260148
0.259841
0.262092
0.261685
0.261398
0.259209
0.26005
0.258339
0.260825
0.260616
0.260692
0.26157
0.261274
0.262245
0.258117
0.260216
0.260367
0.260129
0.25966
0.260158
0.262138
0.261747
0.259159
0.260658
0.262249
0.261347
0.258915
0.26131
0.258211
0.260635
0.262062
0.262036
0.260776
0.261239
0.263355
1.95232e-05
0.260279
0.260491
0.26368
0.259328
0.263685
0.260642
0.261323
0.261182
0.258769
0.257108
0.263922
0.2608
0.259643
0.262705
0.259393
0.261893
0.25704
0.259574
0.262188
0.261011
0.261217
0.25742
0.261269
0.260182
0.26069
0.261194
0.260171
0.260313
0.261444
0.25914
0.260874
1.77473e-05
0.260609
0.261922
0.259739
0.262034
0.259463
0.260033
0.25908
0.264476
0.259383
0.261824
0.259583
0.261184
0.260765
0.260955
0.260276
4.43681e-05
0.262736
0.26102
0.261383
0.259967
0.258651
0.260605
0.259824
0.258244
0.263505
0.263148
0.261387
0.26173
0.261088
0.26012
0.257696
0.260394
0.262907
0.262095
0.260467
0.260374
0.258581
0.262631
0.259255
0.261668
0.261656
0.261789
0.260054
0.259209
0.261193
0.261545
0.261989
0.260573
0.262609
0.257961
0.260623
0.258587
0.259571
0.261318
0.25949
0.262547
0.262111
0.260708
0.259231
0.261391
0.262323
0.262278
0.261467
0.260143
0.261853
0.256187
0.260724
0.26024
0.261917
0.261622
0.257118
0.259253
0.26404
0.261405
0.261626
0.259352
0.262209
0.262974
0.261057
0.259183
0.26238
0.258691
0.260381
0.25646
0.262775
0.258658
0.262048
0.261837
0.258458
0.259507
0.261023
0.259423
0.258978
0.260072
0.259176
0.261323
0.262646
0.262103
0.25999
0.262698
0.26097
0.260767
0.262943
0.260471
0.229442
0.261658
0.259821
0.261909
0.261521
0.262635
0.259747
0.26193
0.263506
0.260106
0.26042
0.260084
0.262963
0.264248
0.259896
0.260752
0.263911
0.261253
0.26002
0.260866
0.261187
0.259496
3.19467e-05
0.25735
0.259991
0.263422
0.260948
0.261417
0.259266
0.261853
0.259973
0.260794
0.260971
0.257847
0.260998
0.26164
0.261543
0.258185
0.261317
0.261479
0.26479
0.260879
0.262139
0.261851
0.259245
0.262718
0.261113
0.258359
0.259279
0.2594
0.2593
0.260155
0.261053
0.262276
0.26158
0.26368
0.261354
0.262528
0.260427
0.261462
2.12969e-05
0.262674
0.261996
0.260394
0.258878
0.260654
0.259607
0.259594
0.258028
0.259606
0.259131
0.259745
0.259924
0.260014
0.260108
0.264828
0.261041
0.260004
0.25968
0.261372
0.259062
0.25896
0.262395
0.260886
0.260221
0.264723
0.259826
0.26019
0.260695
0.264849
0.262193
0.260265
