0.264763
0.260718
0.263367
0.264653
0.26296
0.264115
0.262813
0.263749
0.262768
0.26487
0.262693
0.260874
0.261074
0.261805
0.261033
0.260501
0.262545
0.262584
0.261346
0.264696
0.263323
0.260882
0.261561
0.263931
0.259453
0.259923
0.263218
0.262677
0.261624
0.261626
0.26311
0.262149
0.263789
0.260068
0.263407
0.263831
0.259786
0.265135
0.261867
0.262996
0.262664
0.264794
0.263424
0.260358
0.263491
0.261547
0.261258
0.266174
0.259373
0.2616
0.261089
0.262653
0.260765
0.263407
0.2637
0.262205
0.25978
0.262579
0.263212
0.260645
0.263292
0.263709
0.263089
0.266503
0.260966
0.263007
0.263725
0.258663
0.262108
0.260613
0.260088
0.262988
0.259928
0.26167
0.261307
0.261433
0.260515
0.261274
0.261703
0.260039
0.259888
0.264784
5.50158e-05
0.263129
0.260814
0.260363
0.262679
0.26204
0.264624
0.262045
0.262023
0.260946
0.261819
0.262212
0.261964
0.261926
0.264147
0.261111
0.261508
0.262746
0.259619
0.260996
0.262679
0.261504
0.25942
0.260624
0.26157
0.264278
1.77476e-05
0.265308
0.261315
0.262059
0.263082
0.262226
0.262667
0.262834
0.263169
0.264329
0.266187
0.260995
0.260049
0.263048
0.246507
0.262529
0.262183
0.262977
0.249313
0.267212
0.259847
0.264185
0.262469
0.262562
0.259701
0.26051
0.261973
0.261686
0.261072
0.262466
0.262973
0.267032
0.262997
0.263359
0.262299
0.262603
1.77475e-05
0.260661
0.264045
0.262629
0.261929
0.261556
0.259305
0.26266
0.263795
0.26379
0.264317
0.259654
0.260772
0.259054
0.265219
0.259378
0.259855
0.262816
0.260597
0.263994
0.262775
0.261998
0.260597
0.263754
0.26376
0.264346
0.261597
0.262204
0.260967
0.260593
0.262423
0.260896
0.262882
0.261555
0.263059
0.262654
0.261451
0.258634
0.260772
0.260718
0.26153
0.264177
0.262917
0.258203
0.261735
0.261263
0.265167
0.261202
0.261776
0.264635
0.260296
0.261772
0.262655
0.263109
0.262663
0.261338
0.260728
0.264854
0.262937
0.261917
0.260778
0.263289
0.263881
0.261916
0.260026
0.260843
0.260995
0.263342
0.262817
0.260171
0.262108
0.263244
0.259866
0.260838
0.26312
0.262742
0.261361
0.2619
0.263097
0.263083
0.262854
0.262778
0.259881
0.260357
0.260708
0.259139
0.262154
0.266767
0.262057
0.263826
0.261803
0.261315
0.260338
0.262639
0.260499
0.263925
0.26451
0.262691
0.264325
0.261752
0.261269
0.263089
0.262745
0.262393
0.262267
0.263976
0.261736
0.261824
0.26065
0.255531
0.261836
0.26111
0.262773
0.261043
0.262296
0.260802
0.263061
0.261317
0.261205
0.262196
0.262415
0.266025
0.265301
0.262719
0.260488
0.262552
0.262725
0.262432
0.261075
0.26149
0.259588
0.262949
0.261977
0.262908
0.260298
0.263989
0.261613
0.265044
0.260526
0.260754
0.261554
0.261946
0.262015
0.261012
0.262202
0.261686
0.261178
0.264494
0.263414
0.261182
0.262667
0.261806
0.262472
0.26087
0.264541
0.26394
0.263093
0.261304
0.260417
0.262503
0.26193
0.259798
0.262631
0.262221
0.263709
0.260737
0.262178
0.262283
0.260691
0.262061
0.263644
0.260297
0.264263
0.262976
0.258802
0.260975
0.26254
0.259583
0.264443
0.263422
0.263761
0.261265
0.261243
0.262554
0.262942
0.261488
0.262137
6.5665e-05
0.261928
0.260381
0.261512
0.262067
0.261582
0.263635
1.95225e-05
0.264525
0.258252
0.261622
0.262724
0.261825
0.262876
0.265492
0.260353
0.262399
0.262864
0.260983
0.260555
0.262707
0.261553
0.258872
0.263605
0.261231
0.26111
0.261238
0.262547
2.12978e-05
0.258986
0.263408
0.264535
1.77477e-05
0.259867
0.263227
0.263832
0.263158
0.263725
0.262314
0.258656
0.260379
0.263111
0.263168
0.261676
0.262586
0.265421
0.263012
0.261868
0.260929
0.260123
3.01713e-05
0.2606
0.262172
0.262178
0.261642
0.261248
0.259516
0.263411
0.260982
0.26209
0.263342
0.260652
0.25979
0.262905
0.26184
0.264838
0.261217
0.263135
0.262764
0.262225
0.261936
0.263205
0.263339
0.258267
0.262647
0.262558
0.264289
3.37213e-05
0.257636
0.26076
0.262391
0.26354
0.263232
0.264364
0.263473
0.262121
0.261845
0.26224
0.262075
0.260618
0.262382
0.262727
0.262175
0.261302
0.262766
0.259475
0.263528
0.262883
0.259517
0.263377
0.263492
0.264688
0.25927
0.263819
0.26051
0.260377
0.264349
0.262631
0.261019
0.261553
0.260559
0.263943
0.260733
0.261384
0.259184
0.264042
0.263521
0.262586
0.265847
0.261272
0.263493
0.261626
0.261634
0.263315
0.262107
0.263668
0.261581
0.26144
0.264224
0.260918
0.261209
0.262839
0.262499
0.263842
0.259921
5.14688e-05
0.262996
0.263955
0.261631
1.77477e-05
0.261312
0.260832
0.262679
0.262225
0.262654
0.261523
0.262166
0.263449
3.01722e-05
0.26037
0.26015
0.261974
0.263003
0.260964
0.262102
0.26347
0.26359
0.26246
0.262799
0.26171
0.262948
2.83971e-05
0.259796
0.260793
0.262077
0.259823
0.26283
0.262808
0.260171
0.261359
0.261039
0.262786
0.26188
0.260945
0.262229
0.262119
0.262117
0.261729
0.258959
0.26099
0.262375
0.261266
0.264125
0.262595
0.261368
0.261386
0.262825
0.259628
0.263009
0.259847
0.263092
0.262611
0.261513
0.264823
0.264666
0.258947
0.262208
0.259029
0.261845
0.260698
0.259868
0.259875
0.263143
0.261517
0.259807
0.261438
0.26156
0.263704
0.260967
0.262126
0.262397
0.261895
0.2609
0.262139
0.261831
0.261095
0.261904
0.263827
0.263599
0.263335
0.264778
0.262242
0.26113
0.25784
0.262521
0.262089
0.264208
0.263499
0.261517
0.262499
0.258669
0.263834
0.260012
0.261724
0.260519
0.262663
0.262091
0.261721
0.260108
0.262623
0.263299
0.259415
0.261821
0.261953
0.263941
0.263424
0.260187
0.260136
0.260961
0.260786
0.26267
0.261029
0.264047
0.263141
0.262996
0.2634
0.263549
0.260864
0.26148
0.263815
0.262607
0.263457
0.263264
0.262965
0.261949
0.261381
0.259076
0.261143
0.263628
0.260708
0.259762
0.26303
0.26079
0.263
0.261131
0.259317
0.26309
0.26293
0.260215
0.262753
0.264381
0.262855
0.261874
0.264403
0.262554
0.264621
0.262081
0.262863
0.262318
0.261918
0.259384
0.260178
0.261403
0.261142
0.261838
0.262336
0.260054
0.262998
0.262649
0.263884
0.261674
0.260554
0.262954
2.30717e-05
0.262078
0.259142
0.262497
0.260909
0.261307
0.260928
0.261855
3.90433e-05
0.261468
0.260475
0.26248
0.262837
0.261944
0.262754
0.261262
0.261063
0.263088
0.26361
0.26292
0.261598
0.26129
2.30725e-05
0.26401
0.261665
0.263811
0.260777
0.261976
0.265123
0.26271
0.26098
0.261379
0.261366
0.26149
0.262085
0.259925
0.261361
0.260516
0.259851
0.262382
0.26009
0.261239
0.262199
0.263296
0.264623
0.26183
0.261356
0.263015
0.264016
0.260377
0.262626
0.260238
0.259877
0.261818
0.265569
0.260419
0.261659
0.263688
0.264646
0.2636
0.261501
0.262673
0.26289
5.32441e-05
7.63156e-05
0.262461
0.261384
0.263147
0.262691
0.261872
0.260083
0.260044
0.260361
0.260738
0.262673
0.26087
0.263436
0.262325
0.263543
0.262306
0.262347
0.261165
0.264419
0.261027
0.264188
0.264901
0.265153
0.260615
0.26445
7.27672e-05
0.262061
0.262594
0.263032
0.262624
0.242
1.59742e-05
0.260812
0.261982
0.259655
0.263063
0.259285
0.263319
0.263002
0.262768
0.265576
0.26289
0.260109
0.261313
0.262191
0.262309
0.261597
0.262003
0.263472
0.26334
0.262053
0.263894
0.258763
0.26286
0.26119
0.2602
0.260846
0.261126
0.264856
0.260707
0.262547
0.262415
0.263717
0.261148
0.260076
0.260707
0.263255
0.261554
0.26258
0.263545
0.260788
0.262474
0.263511
0.263765
5.14694e-05
0.263637
0.264092
0.261023
0.264238
0.262695
0.263174
0.261614
0.258679
0.260394
0.265325
0.262912
0.260007
0.264352
0.261239
0.261416
0.260265
2.12975e-05
0.262821
0.264939
0.263418
0.262087
0.264614
0.263205
0.262772
0.262253
0.261177
0.260851
0.262842
0.260688
0.263455
0.260301
0.260942
0.262454
0.261974
0.262187
0.261472
0.261243
0.264002
0.262047
0.262093
0.263196
0.262716
0.261697
0.261617
0.263597
0.261901
0.262746
0.264415
0.261326
0.262034
0.260608
0.263909
0.262155
0.260546
3.90454e-05
0.263879
0.263569
0.264448
0.263434
0.261647
0.264598
0.259725
0.261177
0.263427
0.266869
0.261702
0.262869
0.260975
0.261196
0.261028
0.26215
0.263427
0.263752
0.261648
0.260385
0.262219
0.263418
0.261899
0.262437
0.261523
0.260985
0.263001
0.258775
0.260556
0.259261
3.90443e-05
0.260596
0.264456
0.262246
0.263953
0.262594
0.26547
0.264761
0.263231
0.265814
0.262772
0.258973
0.260224
0.263785
0.265053
0.261967
0.263189
0.261642
0.265829
0.261719
0.264622
0.262011
0.260972
0.265262
0.26125
0.26184
0.264808
0.258478
0.260706
0.263302
0.262363
0.258767
0.263958
0.262801
0.262077
0.263352
0.26048
0.262722
0.259132
0.262807
0.260934
0.263117
0.264524
0.263606
0.25969
0.263248
0.263402
0.263644
0.262517
0.26451
0.263754
0.259586
0.261679
0.26234
0.262408
2.12966e-05
0.259066
0.26544
0.26262
0.263338
0.259797
0.260036
0.263345
0.263561
0.261742
0.260421
0.261802
0.261638
0.25967
0.262366
0.262962
0.261676
0.262746
0.258662
0.259006
0.263155
0.262853
0.262675
0.262036
0.25948
0.260534
0.261196
0.261572
0.26124
0.264661
0.26437
0.262445
0.260359
0.262618
0.264049
0.264487
0.263634
0.263174
0.261247
0.26288
0.262268
0.262511
0.261667
0.259595
0.258772
0.26252
0.260574
0.261287
0.26194
0.260194
0.261885
0.263753
0.262558
0.260753
0.261352
0.264183
0.263918
0.26044
0.262184
0.26099
0.260773
0.259793
0.260653
0.260063
0.260982
0.260897
0.260084
0.260254
0.259657
0.261231
0.263633
0.262172
0.264011
0.260022
0.261049
0.262428
0.262359
3.37216e-05
0.263799
0.260231
0.263905
0.262018
0.260586
0.263029
0.262233
0.263869
2.48461e-05
