0.227256
0.225859
0.230592
0.226453
0.224369
0.228814
0.224969
0.223701
0.229415
0.228941
0.22551
0.224824
0.228167
0.2216
0.226108
0.227427
0.224379
0.226442
0.227494
0.22689
0.225648
0.229055
0.222822
0.225149
0.222674
0.225607
0.22904
0.226313
0.227839
0.227658
0.229893
0.223722
0.230202
0.220597
0.220558
2.66212e-05
0.22495
0.231854
0.226444
0.227215
0.227811
2.12968e-05
0.227211
0.226823
0.228729
0.226841
0.22768
0.230244
0.224587
0.220536
0.225936
0.227898
0.225967
0.22525
0.225463
0.228705
0.226002
0.227927
0.22615
0.229524
0.230788
0.227901
3.90445e-05
0.231998
0.224227
0.231447
0.222701
3.37208e-05
0.226637
0.227166
0.227302
0.228298
2.4847e-05
0.228448
0.22252
0.225059
0.223894
0.21032
0.228528
0.229007
0.225508
0.225743
0.121156
0.228621
0.22559
0.219779
0.206661
0.228749
0.226181
0.225144
0.224706
0.223176
0.219629
2.66222e-05
0.22847
0.226426
0.209227
0.227096
0.227264
0.226795
0.209526
0.224778
0.226761
0.206166
0.224989
0.221563
0.212522
0.228157
0.226289
0.22864
0.228185
0.229013
0.227968
0.214342
0.226404
0.228105
0.226244
0.229863
0.228149
0.222656
0.225506
0.225598
0.225789
0.229454
0.228669
0.223204
0.220687
0.225385
0.228203
0.22566
0.224561
0.228106
6.21162e-05
0.225478
0.225513
0.228289
0.228781
0.225335
0.22768
0.228895
0.228243
0.227547
0.222798
0.224645
0.229984
0.228525
0.224945
0.22545
0.141137
0.226643
0.2269
0.229385
0.222946
0.229701
0.226532
0.225525
0.216496
0.224189
0.228231
0.225301
0.224667
0.225764
0.224107
0.224921
0.223225
0.223846
0.227252
0.228148
0.229245
0.22794
0.226667
0.218051
0.22371
0.226677
0.227702
0.227445
0.224912
0.225403
0.229305
0.224375
0.220631
0.225608
0.228166
0.224425
0.227089
0.227803
0.226822
0.221018
0.227242
0.229081
0.229616
0.227486
0.228754
0.226475
0.226461
0.221571
3.01722e-05
0.226853
0.228399
0.227707
0.225913
0.228372
0.23069
0.221511
0.227502
0.22837
0.229064
0.225953
0.227082
0.223954
0.227432
0.226874
0.227956
0.227684
0.230703
0.22668
0.227545
0.220176
0.23028
0.226721
0.224813
0.223967
0.221089
0.227629
0.23217
4.25948e-05
0.228601
0.226134
0.228933
0.225418
0.229861
0.228455
0.226472
0.227371
0.223494
0.226254
0.227188
0.228864
0.226666
0.225364
0.228348
4.79179e-05
0.230038
0.227854
0.227378
0.227604
0.226382
0.229484
0.22656
0.229251
0.228492
0.226974
0.226477
0.224854
0.225517
0.224651
0.226875
2.66211e-05
0.226691
0.224609
0.000262672
0.227391
0.218839
0.226992
0.224678
0.226963
0.225808
0.227601
0.222565
0.229776
0.227598
2.4847e-05
0.227889
0.22447
0.2295
0.211943
0.222504
0.226118
0.227517
0.226234
0.226397
0.221688
0.22236
0.224114
0.22418
0.22408
0.226796
0.228897
1.95224e-05
0.225981
0.226981
0.228704
0.224434
0.119792
0.22273
0.226489
0.229336
0.225167
0.22659
0.229826
0.224442
0.22739
0.226926
0.227095
0.227601
0.227726
0.228446
0.228548
0.226363
0.227344
0.225948
0.225667
0.225398
0.226137
0.228607
0.222997
0.2263
0.22768
0.224813
0.196975
0.228027
0.225743
0.229358
0.224004
0.143142
0.227852
0.224399
0.226958
0.22707
0.226193
0.226507
0.21946
0.227254
0.229498
0.226661
0.227976
0.230275
0.22638
0.229859
0.230733
0.226236
0.227278
0.227212
0.229855
0.222581
0.225238
0.224786
0.223807
0.228857
0.231458
0.226777
0.226893
0.226519
0.221223
1.95233e-05
0.226011
0.224879
0.223159
0.228232
0.229033
0.221504
0.226814
0.227793
0.226314
0.22637
6.38922e-05
0.224464
0.166044
0.228834
0.121719
0.22544
0.226691
0.225911
0.225093
0.22956
2.12976e-05
0.230509
0.224936
0.225325
0.226712
0.226259
0.226008
0.229971
0.226249
0.225123
0.227175
0.2283
0.224799
0.224578
0.223123
0.231133
0.222578
0.22267
0.228827
0.226485
0.227266
0.228746
0.225027
0.230658
0.228122
0.227588
0.223332
0.229434
0.0371404
0.223179
0.22866
0.228542
0.225959
0.228306
0.224844
0.228128
0.229703
0.223169
0.22723
2.83959e-05
2.83961e-05
0.223763
0.161156
0.230369
0.227947
0.229002
0.227218
0.226548
0.227279
0.226532
0.225378
0.22687
0.228836
0.226217
0.223408
0.226096
0.226697
0.226007
0.22352
0.230474
0.223323
0.226318
0.227121
0.221779
0.228259
0.2271
0.226061
0.229637
0.222102
0.212319
0.230004
0.226074
0.198764
0.198133
0.229075
6.21151e-05
0.228975
0.225586
0.225479
0.22883
0.227839
0.224289
0.227889
5.67912e-05
0.221356
0.222905
0.227494
0.22512
0.228756
0.22977
0.225544
0.23109
0.228666
0.229715
0.226852
0.229493
0.225779
0.226412
0.227924
0.228281
0.227923
0.224293
0.22643
0.228543
0.225853
0.225787
0.228696
0.229627
0.227839
0.206666
0.22698
0.226732
0.222663
0.228099
0.223044
0.226576
4.25906e-05
0.224951
0.227319
0.227803
0.22962
0.223719
2.83969e-05
0.229827
0.225485
0.225428
0.228821
0.224033
0.225858
0.229979
0.226532
0.226182
0.22612
0.222144
0.225126
0.224739
7.80894e-05
0.225094
0.227488
0.226955
0.225158
0.222606
0.22586
0.225694
0.225687
0.224052
0.224203
0.226675
0.227089
0.230425
0.227353
0.221213
5.67919e-05
0.184808
0.220405
3.90448e-05
0.227333
0.230178
0.227155
0.227603
0.225453
0.220317
0.22737
0.230549
0.229732
0.225571
0.226476
0.226523
0.226025
0.22585
0.224868
0.188813
0.210711
0.226777
0.229968
0.228181
0.226376
0.214002
0.224744
0.226963
0.225743
0.217285
0.226999
0.227146
0.223092
0.227322
0.224482
0.229154
0.220493
0.226197
0.224396
0.227005
0.228866
0.226592
0.226166
0.226541
0.225357
0.227533
0.224888
0.226828
3.7269e-05
0.228122
0.219996
1.59728e-05
0.223838
0.224347
0.228501
0.226771
0.226053
0.22497
0.227133
0.225023
0.224442
0.172243
0.22451
0.226501
0.229457
0.226324
1.4198e-05
0.228034
0.205008
0.228682
0.226779
0.229742
0.22756
0.229699
0.225678
0.223728
0.222311
0.211494
0.228075
0.225643
0.226044
0.226139
0.227169
0.227993
0.225304
0.226847
0.224701
0.230276
0.227696
0.226907
0.219264
0.230235
0.227855
1.95223e-05
0.22429
0.226352
0.226746
0.22555
0.226381
0.227391
0.224074
0.229657
0.223833
0.227355
0.231002
0.207806
0.220579
0.226809
0.227857
0.225798
0.226252
0.229251
4.9694e-05
0.227394
0.225498
0.224911
0.222509
0.228036
0.225243
0.22213
0.226532
0.223509
0.223424
0.228489
0.230309
0.229064
0.226578
0.227869
0.230026
0.22574
0.228684
0.225196
0.227803
0.177151
0.231844
0.229064
0.222004
0.228936
7.63128e-05
0.220933
0.22768
0.225761
0.22304
0.227335
0.210458
0.224952
0.209661
0.226731
0.226855
0.229166
0.229692
0.227366
0.220248
0.228252
0.2285
2.83959e-05
8.16395e-05
0.229828
0.228382
0.227873
0.225346
0.232995
0.226457
0.225206
0.228301
0.227496
0.224851
0.227014
3.37202e-05
0.228959
0.22598
0.226989
0.219653
0.226285
0.225496
0.227329
0.224104
0.226602
0.107532
0.211191
0.210985
0.226638
0.195492
0.227089
0.226955
0.226124
0.228808
0.225295
0.224472
0.223473
0.222865
0.230096
0.223178
0.228003
0.222767
0.228449
0.228251
0.228053
0.221651
0.228463
0.227454
0.221708
0.225165
0.228763
0.227356
0.191912
0.225225
0.224652
0.220154
0.224254
0.226077
0.226287
0.228527
0.226727
0.224568
0.21855
0.220442
0.225129
0.229736
0.229186
0.229291
2.12979e-05
0.228584
0.225704
0.225135
0.226297
0.225054
0.222567
0.228674
0.231226
0.224749
0.223822
0.227686
0.229617
0.227302
0.22528
0.226598
0.227164
0.226697
0.228406
0.228461
0.228158
0.226668
0.222608
0.227788
0.219416
0.226124
0.215078
0.224101
0.231383
0.22576
0.217586
0.22696
0.223754
0.222321
0.228492
0.223978
0.225501
0.228616
0.223964
0.225787
0.223623
0.22523
0.229681
0.22843
0.227236
0.2264
0.230564
0.229035
0.223612
0.225828
0.228603
0.226244
0.226156
2.12964e-05
8.51846e-05
0.226342
0.224086
0.226879
0.223588
0.225556
0.226431
0.223235
0.228626
0.225731
0.227789
0.227615
0.224212
0.225941
0.226058
0.227217
0.225899
0.229914
0.218726
0.225056
6.92137e-05
0.225839
0.226538
0.224363
0.226277
0.223576
0.230317
0.228319
0.228262
0.228432
0.223376
0.23019
0.22338
0.226247
0.229105
0.231856
0.227525
0.226879
0.226961
0.229097
0.226279
0.225557
0.227857
0.226438
0.228451
0.226927
0.227207
0.218699
0.222234
0.228446
0.225623
0.218623
0.231937
0.228276
0.217437
0.227752
0.225259
0.223745
0.221265
0.227484
0.230134
0.227048
0.218754
0.214709
0.226552
0.22752
0.226476
0.222557
0.225859
0.230257
0.22737
0.227619
0.226516
0.2273
0.224361
0.22694
3.37197e-05
3.37222e-05
0.227247
0.230235
0.230647
0.226348
0.229432
0.222757
0.227532
0.226856
0.226
0.223067
0.229934
0.229262
0.22831
0.226544
0.221222
0.224931
2.12982e-05
0.181956
0.22212
0.225823
0.230822
0.225115
0.227799
0.225155
0.227534
0.224933
0.228709
0.229403
0.228384
0.226799
0.222833
0.227118
0.225565
0.223355
0.226535
0.235216
0.226178
0.227785
0.214776
0.221624
0.228633
0.230244
0.229406
0.227369
0.221786
0.225131
2.12978e-05
0.227435
0.226848
0.226301
0.222239
0.225008
0.222357
3.90433e-05
0.226116
0.225943
0.227561
0.228239
0.227332
0.223397
0.229593
0.224376
0.225558
0.21804
0.226394
0.225108
0.227556
0.226521
0.229877
0.224546
0.226347
0.225994
0.223061
0.227239
0.224808
0.224496
0.201636
0.22321
0.231152
0.229791
0.230498
0.230157
0.0125528
0.228244
0.22695
0.230725
0.22488
0.228726
0.228667
0.226325
0.227396
0.227146
0.225365
0.229227
0.227164
0.225771
0.224368
0.229623
0.227651
0.224663
0.227162
0.223601
0.227725
0.225864
0.225814
0.223424
0.221796
0.226419
0.224938
0.229218
0.230627
0.227371
0.225736
0.229235
1.59727e-05
0.227348
0.229194
0.229848
2.12968e-05
0.222957
