0.234072
0.240464
0.241386
0.242729
0.23977
0.242011
0.240211
0.239687
0.241614
0.242671
0.240467
0.23884
0.242464
0.238219
0.233166
0.240214
0.240769
0.241353
0.237704
0.241444
0.239713
0.233611
0.24058
0.242434
0.236532
0.239197
0.243183
0.241845
0.239423
0.242137
0.240038
0.235689
0.244855
0.238793
0.241918
0.242995
0.239476
0.244409
0.242147
0.241958
0.240994
0.241138
0.243084
0.241405
0.239736
0.241225
0.242394
0.242302
0.240498
0.238951
0.238854
0.219383
0.238361
0.239837
0.239656
0.240521
0.235885
0.241036
0.24247
0.239246
0.228328
0.242041
0.240686
0.243645
0.236777
5.50157e-05
0.242196
0.240229
0.238902
0.239782
0.242715
0.244571
0.239983
0.238228
0.240995
0.23906
0.238249
0.244589
0.239271
0.239202
0.239143
0.242405
0.242274
0.244589
0.240164
0.237868
0.241808
0.240604
0.241303
0.239856
0.238074
0.241348
0.238889
0.241048
0.242095
0.237082
0.240599
0.242384
0.239627
0.238765
0.23743
0.239504
0.239824
0.235871
0.240207
0.232192
0.238624
0.240857
0.241458
0.243017
0.241735
0.238365
0.242681
0.240352
0.23342
0.241094
0.240055
0.238889
0.24273
0.238413
0.242224
0.241407
0.239457
0.243289
0.241523
0.238157
0.19221
0.239908
0.239574
0.244048
0.237083
0.23958
0.238895
0.238275
2.48474e-05
0.241642
0.240014
0.23797
0.240347
0.242756
0.240746
0.237315
0.238354
0.237633
4.61435e-05
0.23364
0.241653
0.244592
0.241553
0.240254
0.239666
0.24405
0.241521
0.242555
0.240666
0.238005
0.232192
0.239141
0.242746
0.24
0.238931
0.242955
0.238539
0.243882
0.240133
0.241106
0.228839
0.242276
0.242871
0.235919
0.241487
0.239293
0.238518
0.243724
0.241934
0.237547
0.239573
0.23961
0.241888
0.241611
0.239749
0.1636
0.241768
0.238561
0.242996
0.242368
0.241007
0.236147
0.242473
0.241202
0.242019
0.240136
0.243821
0.241273
0.236829
0.237896
0.241717
0.24069
0.241976
0.237658
0.240618
0.239711
0.240718
0.240035
0.241024
0.238928
0.244232
4.0821e-05
0.240261
0.240461
0.241861
0.240659
0.241868
0.240182
0.236033
0.240475
0.242388
0.238857
0.242078
0.238151
0.228464
0.241533
0.238723
0.239142
0.243353
0.242029
0.241742
0.241919
0.240338
0.239606
0.244447
0.246494
0.240394
0.243155
0.241248
0.235649
0.241851
0.244367
0.236038
0.242237
0.242102
0.240237
0.240071
0.239351
0.240332
0.240746
0.240433
0.238887
0.241206
0.243866
0.243952
0.241591
0.238686
0.236658
0.241535
0.239094
0.241733
0.238295
0.239153
0.23366
0.240136
0.238605
0.241767
0.240344
0.241865
0.239397
0.241106
0.240205
0.241072
0.243917
0.243429
0.239756
0.242548
0.2127
0.238729
0.242302
0.240221
0.239058
0.239142
0.239173
0.238602
0.240109
0.236734
0.243538
0.223836
0.240429
0.240565
0.241441
0.240411
0.238403
0.24112
0.232721
0.242074
0.241193
0.237103
0.241204
6.38907e-05
0.239926
0.241998
0.240159
0.239375
0.240139
0.240116
0.241485
0.241512
0.238536
0.244174
0.239926
0.242003
0.242904
0.239325
0.089493
0.241566
0.24008
0.242322
0.237612
0.243101
0.238818
0.240191
0.238195
0.23996
3.90436e-05
0.238944
0.240303
0.240439
0.243382
0.243308
0.239594
0.237327
0.236371
0.240664
0.239207
0.240016
0.242187
0.241649
0.23927
0.243211
0.239655
0.241474
0.243549
0.238825
0.241649
0.241393
0.239952
0.242925
0.242513
0.231016
0.239862
0.244177
0.242513
0.237092
0.242075
0.242517
0.237884
4.25962e-05
0.238074
0.227473
0.238776
0.24087
0.242461
0.238593
0.242891
0.238355
0.240031
0.236281
0.239489
0.243104
0.239381
0.241875
0.240951
0.242579
0.240213
0.242182
0.237602
1.77476e-05
0.241295
0.243668
0.242753
0.241961
0.242063
0.239774
0.242084
0.238891
0.240681
0.243004
0.240372
0.242734
0.236479
0.238061
0.241238
0.242025
0.240234
0.239209
0.242871
0.242501
0.239495
0.240784
0.239454
0.240475
0.240255
0.238843
0.244118
0.244427
0.242015
0.238685
0.240489
0.127517
0.243653
0.23678
0.237101
0.240359
0.24139
0.2429
0.24003
0.239026
0.243005
0.237326
3.3721e-05
0.244911
0.238305
0.239539
0.239811
2.4847e-05
0.241524
0.240001
0.243582
0.236651
0.240921
0.238804
0.238004
0.239245
0.24231
0.239893
0.238349
0.240322
0.239094
0.23972
0.241177
0.241722
0.238335
0.237827
6.92164e-05
0.240046
0.239903
0.242806
0.242301
0.240435
0.243035
0.242579
0.241837
0.241385
0.12372
0.242897
0.240716
0.235874
0.242165
0.24244
0.234875
0.239659
0.240818
1.95231e-05
0.240626
0.242387
0.243455
0.240779
0.237396
0.242406
0.242328
0.242738
0.240599
0.240039
0.241232
0.239611
0.242436
0.241308
0.240978
3.37197e-05
0.241488
0.240697
0.240135
0.235356
0.240056
0.23742
0.243745
0.237272
0.243144
0.238997
0.24207
0.240832
0.240695
0.240171
0.237736
0.23959
0.241181
1.77476e-05
0.240515
4.08192e-05
0.241748
0.23803
0.23685
4.08191e-05
0.241882
0.239688
0.236299
0.240718
0.237059
0.240936
0.239147
0.239071
0.240839
0.239074
0.241165
0.241006
0.239531
0.239793
0.242314
0.241099
0.241369
0.242159
0.239609
0.239938
0.245396
0.239077
0.241233
0.244195
0.241145
0.237541
0.239894
0.238779
0.239715
0.242802
0.239651
0.244177
0.238462
0.242617
1.77475e-05
0.240585
0.242507
0.240152
0.240486
0.23625
0.232592
3.90462e-05
0.238257
0.24009
0.239297
0.238333
0.242271
0.240344
0.241343
0.242902
0.241131
0.239567
0.241955
2.30717e-05
0.242303
0.24155
0.241722
0.242821
0.241734
0.242352
0.241434
0.24192
0.241274
0.23888
0.241975
0.23978
0.239792
0.23943
0.240193
0.242382
0.240816
0.240365
0.238308
0.239529
0.242286
0.243013
0.237515
0.242144
0.240345
0.237672
0.237639
0.239153
3.54954e-05
0.240463
0.239571
0.2388
0.241215
0.238283
0.244328
0.241091
0.241632
0.236623
0.24161
0.24111
0.238449
0.239709
0.23897
0.239927
0.241691
0.243078
0.241163
0.242155
0.240298
0.241195
0.239725
4.25959e-05
0.240325
0.240078
0.239864
0.239218
4.79182e-05
0.240356
0.236197
0.239968
3.90447e-05
0.244795
0.240483
0.238928
0.242083
0.242838
0.242057
0.239222
0.239453
0.242116
0.240779
0.240957
0.240289
0.242091
0.230954
0.242171
0.238621
0.236877
0.240673
0.242138
0.239318
0.239583
0.240694
0.240182
0.238036
0.241251
0.241395
0.239625
0.240286
0.236786
0.239945
0.240182
0.24093
0.238491
0.236245
0.240795
0.240396
0.240053
0.24061
0.241691
0.243358
0.240014
0.241213
0.241211
0.241249
0.239849
0.242531
0.245344
0.238303
0.240073
0.239166
0.238817
0.239506
0.243984
0.238796
0.239309
0.240758
0.238037
0.243705
0.238446
0.243332
0.240395
0.243143
0.240286
0.241232
0.239089
0.242686
0.240346
0.237972
0.24135
0.241322
0.240408
0.240915
0.244309
0.239963
0.240085
3.72681e-05
0.240498
0.238472
0.242681
0.240599
0.24052
0.239801
0.242357
0.236679
0.238262
0.240678
0.24236
0.238369
0.240454
0.240751
0.237182
0.241044
0.23745
0.244031
0.238054
0.241452
0.240782
0.24087
0.241909
0.240806
0.240095
0.240638
0.239395
0.238629
0.242351
0.239581
0.240768
0.241445
0.237044
0.2396
0.241584
0.241117
0.237792
0.240966
0.240908
0.2457
3.37198e-05
0.242655
0.235629
0.238809
0.242579
0.23805
0.242745
0.239935
3.37193e-05
0.24007
0.24076
0.241539
0.23639
0.240645
0.243541
0.243883
0.241719
0.241096
0.239187
7.45376e-05
0.238873
0.239892
0.239188
0.242991
0.244185
4.79182e-05
0.234554
0.240523
0.24098
0.240774
0.239435
0.242141
0.23722
0.241434
0.242809
0.244246
0.242781
0.238461
0.239036
0.238066
0.242348
0.241302
0.240894
0.240441
0.244983
0.242423
0.24202
0.240323
0.242598
0.234528
0.238394
0.240868
0.237986
0.241474
0.240659
4.61427e-05
0.237605
0.23889
0.241178
0.241996
0.240206
0.239774
0.241587
0.240875
0.240397
0.241484
0.242345
0.238042
0.239966
0.238206
0.243039
0.239832
0.238144
0.24429
0.239466
0.239836
0.238425
0.238484
0.243848
0.241323
0.240957
0.242339
0.239348
0.240796
0.241511
0.242602
0.239435
0.242553
0.241423
0.241527
0.240679
0.243541
0.242025
0.240821
0.240371
0.236242
0.24084
0.244929
0.241846
0.241109
0.239212
0.239298
0.23527
0.238601
0.243561
0.244501
0.243844
0.237604
0.239471
0.238772
0.239599
0.238339
0.243051
0.239021
0.239914
0.238512
0.240027
0.239514
0.242707
0.241525
0.242042
0.237324
0.241063
0.235993
0.23629
0.241031
0.240162
0.240083
0.238628
0.243886
0.242678
0.243986
1.41978e-05
0.242019
0.240707
0.243265
0.240808
0.236867
0.238718
0.198892
0.241685
5.32438e-06
0.238267
0.239579
0.244899
0.239381
0.240361
0.240246
0.244197
0.24141
0.242883
0.23903
0.246143
0.23692
0.242441
0.239093
0.242211
0.236094
0.238331
0.244096
0.241784
0.237421
0.238641
0.235962
0.238682
0.242904
0.241734
0.239774
0.24368
0.241994
0.238845
0.24073
0.242752
0.240214
0.244526
0.242464
0.237628
0.241578
0.237295
0.238797
0.241806
0.245067
0.238844
0.244972
0.241211
0.23974
0.241406
0.239868
0.241126
0.242476
0.242475
0.240573
0.23883
0.240166
0.239654
0.241209
0.239067
0.240064
0.238626
0.238849
0.240632
0.24297
0.239152
0.242221
0.23937
0.239493
0.23891
0.242069
0.240895
1.77478e-05
0.240902
0.24361
0.238219
0.238353
0.239841
0.243149
0.244384
0.238335
0.241436
0.241045
0.238784
0.241197
0.235538
0.241595
0.237043
0.237679
0.242064
0.24258
0.239578
0.222122
0.240207
0.240619
0.238789
0.242489
0.235121
0.239941
0.24262
0.241656
0.237922
0.242595
0.239968
0.24274
0.240509
0.239584
0.239281
0.239636
0.240728
0.237486
0.243718
1.59734e-05
0.240692
0.242514
0.241061
4.4369e-05
0.239919
0.240372
0.239849
0.236132
0.245499
0.242178
0.239781
0.240512
0.239775
0.241746
0.237578
0.241371
0.240861
0.238777
