0.248874
0.250605
0.250689
0.250692
0.250429
0.250305
0.248538
4.61466e-05
0.249992
0.251056
0.248485
0.234296
0.248416
0.246367
0.244425
0.248429
0.2461
0.250573
0.246243
0.250703
0.247275
0.248487
0.248964
0.252174
0.247385
0.248832
0.249167
0.246278
0.246216
0.249174
0.248234
0.252008
0.251533
0.24792
0.247513
0.248442
0.24934
0.253693
1.77476e-05
0.249313
0.244034
0.249673
0.249947
0.247411
0.248562
0.249349
0.248224
0.250231
0.245505
0.248495
0.247954
0.249313
0.247068
0.249121
0.250183
0.249337
0.249801
0.250599
0.250249
0.249369
0.253012
0.253419
0.250071
0.253682
0.239711
0.25079
0.248741
0.249504
0.244945
0.249728
0.251869
0.249414
0.24751
0.249468
0.250971
0.249505
0.248929
0.24977
1.24238e-05
0.197241
0.251541
0.25122
0.250629
0.251092
0.246726
0.246184
0.253244
0.249157
0.250262
0.251637
0.24786
0.250415
0.248654
0.249556
0.249949
0.249955
0.249257
0.249243
0.248747
0.248483
0.247714
0.250134
0.246204
0.24976
0.249012
0.246516
3.01714e-05
1.41979e-05
0.252759
0.25063
0.250662
0.250361
0.250196
0.249183
0.249898
0.24842
0.249116
0.247669
0.252379
0.249386
0.248343
0.248091
0.247387
0.250782
0.249249
0.248782
0.246546
0.247409
0.246751
0.249413
0.24423
0.250182
0.248412
0.245294
0.251079
0.247392
0.24915
0.250353
0.249098
0.253706
0.249551
0.248834
0.248432
0.246431
0.249453
0.249031
0.250761
0.247176
0.252196
0.248359
0.250962
0.250304
0.24959
0.25098
0.250298
0.24868
0.248046
0.247216
0.24757
0.247138
0.247714
0.246499
0.249869
0.249925
0.251495
1.95229e-05
0.251278
0.250722
0.24904
0.249404
0.248643
1.06482e-05
0.247423
0.250681
0.220912
0.248937
0.248029
0.248244
0.251711
0.249358
0.248795
0.248094
0.252142
0.24855
0.249114
0.250323
0.247631
0.245725
0.249482
0.249593
0.24859
0.249521
0.251534
0.249927
0.247952
0.247238
0.250953
0.250086
0.249655
0.248219
0.251251
0.250202
0.252784
0.252464
0.247131
0.248436
0.251253
0.248472
0.247816
0.250189
0.249549
0.248286
0.252135
0.24962
0.251073
0.250421
0.246529
0.247242
0.251529
0.247928
0.247188
0.25041
0.248523
0.249817
0.252832
0.248922
0.249853
0.250447
0.250179
0.248121
0.250854
0.251757
0.250048
0.251007
0.247561
0.246383
0.248839
0.249389
0.247412
0.247766
0.249142
0.248186
0.250817
0.250154
0.249806
0.248759
0.251608
0.248591
1.24229e-05
0.251938
0.2502
0.250178
0.250674
0.246238
0.246666
0.246633
0.250205
0.252683
0.251032
0.247676
0.251803
0.250444
0.247297
0.248867
0.249362
0.249321
0.250524
0.247652
0.247763
0.252277
0.250197
0.248867
0.247371
0.248243
0.248842
0.252169
0.248432
0.248835
3.37212e-05
0.25015
0.248493
0.249605
0.245193
0.249748
0.24316
0.249557
0.247375
0.250715
0.251347
0.246654
0.248194
0.25141
0.248385
0.246084
0.24776
0.243401
0.248523
0.249775
0.248923
0.249716
0.250375
0.248647
0.250687
0.251414
7.09923e-06
0.251252
0.251857
0.249737
0.248981
0.126314
0.249106
0.250661
0.251249
0.24876
0.249606
0.247954
0.247975
0.249917
0.247138
0.247715
0.249824
0.247634
0.247395
3.72689e-05
0.248613
0.249945
0.249876
0.249826
0.250475
0.249041
0.25
0.249484
0.248262
0.248522
0.250627
0.247235
0.248771
0.249839
0.251916
0.249274
0.248378
0.249719
0.248763
0.252578
0.249362
0.251424
0.249344
0.249635
0.249492
0.248194
0.248177
0.251352
0.249112
0.247555
0.249646
0.249733
0.251374
0.248248
0.254064
0.249292
0.250908
0.249527
0.246091
0.251585
0.247968
0.249808
0.250596
0.250166
0.250001
0.249296
0.247699
0.248975
0.249878
0.249887
0.251254
0.252574
0.250272
0.251279
0.247095
0.250596
0.249986
0.248588
0.249905
0.250648
0.248261
0.248947
0.249248
4.96939e-05
0.249435
0.248869
0.251504
0.250086
0.248834
0.251145
0.2508
0.250578
0.251424
0.2472
0.250983
0.251387
0.249657
0.250998
0.250896
0.248793
0.246872
0.247363
0.247721
0.250955
0.250691
0.246068
0.249996
0.252298
0.250907
0.249571
0.248273
0.250691
0.249417
0.249143
0.249557
0.250274
0.247105
0.247349
0.25129
0.247892
0.248087
1.41984e-05
0.248615
0.252333
0.248578
0.248049
0.249938
0.248207
0.246528
0.246257
0.250962
0.24962
4.79198e-05
0.248581
0.249297
0.245978
0.246846
0.247158
0.243406
0.250752
0.251094
0.247811
0.249097
0.250808
0.250441
0.251112
0.235551
0.24899
0.250102
0.251873
0.249683
0.249229
0.24953
0.24835
0.24894
0.252447
0.247843
0.249252
0.248363
0.249675
0.252663
0.246892
0.247925
0.251927
0.24977
0.248719
0.250139
0.247329
0.247314
0.248575
0.250874
0.250064
0.247795
0.250415
0.251979
0.249931
0.248435
0.248703
0.251919
0.248816
0.248297
0.248251
0.249216
0.24872
0.248283
0.247089
0.246729
0.253065
0.247181
0.250138
0.248618
0.248495
0.247527
0.248246
0.248475
0.246768
0.247456
0.246876
0.248016
0.240908
0.251056
0.246288
0.248398
0.250687
0.245187
0.249832
0.247412
0.249978
0.248834
0.248622
0.248387
0.247315
0.247467
0.247926
0.246164
0.249981
0.250907
0.252454
0.247875
0.249866
1.41978e-05
0.250288
0.247054
0.247941
0.247919
0.25231
0.248901
0.249638
0.250156
0.246646
0.250907
0.249984
0.246209
0.24829
0.250921
0.249793
0.251968
0.248469
0.249773
0.244202
0.249132
0.246068
0.248941
0.250657
0.249376
0.251083
0.2496
0.252259
0.248763
0.250957
0.24972
0.247562
0.251093
6.92206e-05
0.248026
0.247216
0.248702
0.24991
0.249789
0.246127
0.246691
0.251656
0.248975
0.250611
0.248424
0.24685
0.250353
0.25174
0.248853
0.247521
0.248731
0.247739
0.250726
0.249781
0.25106
2.83963e-05
0.250311
0.248823
0.249055
0.2508
0.248107
0.25097
0.249131
0.247054
0.249734
0.250941
0.250105
0.249321
0.248906
0.248771
0.249439
0.250106
0.247527
0.249723
0.249508
0.250353
0.250997
0.249329
0.250742
0.24679
0.249016
0.246803
0.24914
0.250156
0.2503
0.245666
0.246818
0.24784
0.24797
0.248383
0.251779
0.248314
0.253396
0.247928
0.249518
0.250575
0.249862
0.247896
0.246392
0.248456
0.250355
0.249443
0.248619
0.247741
0.131245
0.248371
0.251347
0.249013
0.246876
0.247521
0.250202
0.24968
0.249211
0.251791
0.252488
0.247751
0.248338
0.249564
0.248543
0.249765
0.24939
0.248513
0.249198
0.250112
0.248258
0.248917
0.248577
0.25162
0.251483
0.248299
0.246613
0.252104
0.249556
0.240239
0.250115
0.250911
0.247141
0.250409
0.252578
0.24835
0.249197
0.25062
0.248069
0.249803
0.251135
0.248926
0.247578
0.25158
0.246496
0.25148
0.247289
0.249991
0.249109
0.251336
0.251332
0.248125
0.24807
0.251477
0.247055
0.249545
0.251158
0.249174
0.249098
0.250891
0.253817
0.246205
0.246899
0.251317
0.24997
0.250701
0.248708
0.248337
0.250811
0.251351
0.251293
0.251071
0.248758
0.24901
0.248571
0.249147
0.249718
0.250127
0.246431
0.248139
0.247633
0.250493
0.251068
0.248558
0.249283
0.252518
0.249418
0.24876
0.252077
0.246981
0.250198
1.77479e-05
0.247202
0.249624
0.2494
0.249861
0.2503
0.250121
0.252074
0.250046
0.248781
0.250493
0.248928
0.251326
0.246671
0.25081
0.248704
0.247907
0.248698
0.247966
0.251848
0.249807
0.24748
0.246246
0.248511
0.250645
0.247645
0.251339
0.250129
0.252438
0.253583
0.24773
0.2495
0.249353
0.250107
0.250372
0.246962
0.247754
0.254615
0.251429
0.24792
0.249721
0.249596
0.251958
0.245425
0.250461
0.247502
0.24705
0.251979
0.24993
0.250929
0.250384
0.252031
0.252676
0.248732
0.250815
0.250224
0.246348
0.253342
0.249852
0.248436
0.24802
0.246611
0.246039
0.249589
0.250343
0.249173
0.251503
0.248313
0.249098
0.246883
0.248788
0.251413
0.249427
0.248448
0.249476
0.250159
0.252677
0.248969
0.25078
0.250859
0.249974
0.251549
0.246314
4.08176e-05
0.247729
3.72701e-05
0.250398
0.249554
0.248642
0.249311
0.248685
0.250114
0.252424
0.250958
0.249085
0.251055
0.247786
0.248974
0.24911
0.24948
0.247615
0.2492
0.248631
0.251446
0.24928
0.248117
0.25037
0.25172
0.24802
0.251637
0.251532
0.251002
2.12972e-05
0.247612
0.248994
0.243773
2.30712e-05
0.24721
0.249888
0.251288
0.253358
0.247141
0.250558
0.246583
0.248171
0.248847
3.37197e-05
0.248719
0.249705
0.250636
0.250067
0.250372
1.41982e-05
0.252488
0.248675
0.253293
0.248958
0.24751
0.248889
0.247853
0.244552
0.252838
0.248605
0.249165
0.249653
0.24952
0.250525
0.251101
0.251184
0.249643
0.249327
0.247617
0.25301
0.248184
0.249346
0.245467
0.250127
0.252916
0.249505
0.251029
0.247704
0.248426
0.250548
0.250102
0.250169
0.253081
0.24762
0.248942
0.251945
0.249689
0.247733
0.251022
0.251243
0.248887
0.250307
0.249582
0.249337
0.247516
0.250351
2.48458e-05
0.250277
0.250707
0.251021
0.250182
0.249529
0.250772
0.249496
0.252154
0.25025
0.249159
0.249841
0.245443
0.249666
0.251234
0.25262
0.247995
0.25129
0.248319
0.246502
0.248127
0.247712
0.252602
0.251177
0.250259
0.249193
0.25102
0.248504
0.249023
0.248514
0.25146
0.248067
0.250327
0.249441
0.249484
0.250677
0.249472
0.249054
0.249374
0.247946
0.249406
0.249376
0.249831
0.250139
0.248382
0.250202
0.24932
0.247376
5.32427e-05
0.247845
0.252466
0.251268
0.249647
0.246715
0.248355
0.247775
0.248865
0.245832
0.246346
0.247207
0.251475
0.248389
0.251338
0.250731
0.247013
0.249769
0.251064
0.252255
0.249607
0.247629
0.249802
0.249918
0.247932
0.249241
0.247088
0.249564
0.24978
0.24765
0.248577
0.247997
0.248523
0.245304
0.249247
0.248965
0.248758
0.249609
0.249614
0.249155
0.249268
0.247809
0.248793
0.249449
0.251423
0.249738
0.247063
0.25277
0.248484
0.247839
0.248924
0.249547
0.250104
0.24724
