0.225957
0.253667
0.252045
0.254213
0.252287
0.253816
0.253784
0.249941
0.253057
0.251749
0.250842
0.250973
2.48464e-05
0.249697
0.250291
0.253116
0.251146
0.252032
0.251747
3.37197e-05
0.252875
0.253566
0.250719
0.252078
0.249623
0.253328
0.25375
0.251588
0.251001
0.254731
0.252362
0.252162
0.256589
0.250948
0.252527
0.253972
0.251312
0.252541
0.252923
0.251423
0.250778
0.256362
0.250314
0.252108
0.254958
0.252779
0.248652
0.25383
0.250969
0.251188
0.253248
0.25086
0.250461
0.252606
0.251766
0.250551
0.250154
0.252666
0.251181
0.250304
0.252837
0.25456
0.251897
0.256654
0.25297
0.253798
0.25384
0.253268
0.250468
0.250326
0.247631
0.252914
0.251789
0.252173
0.251287
0.252039
0.250914
0.251795
0.250687
0.249902
0.25237
0.251444
0.251011
0.255321
0.253003
0.248701
0.25602
0.251761
0.252629
0.250943
0.249867
4.25942e-05
0.25042
0.253537
0.249762
0.248801
0.250347
0.248615
0.252395
0.251657
0.249626
0.254905
0.253566
3.01703e-05
0.250548
0.252339
1.95227e-05
0.251651
5.50175e-05
0.25122
0.253183
0.250652
0.253374
0.250495
0.254974
0.252424
0.250653
0.254667
4.08186e-05
0.251885
0.251884
0.252018
0.249918
0.243624
4.08192e-05
0.252729
0.251113
0.253007
0.25138
0.250974
0.252829
0.253171
7.45395e-05
0.250063
0.253365
0.250915
0.252107
0.250005
0.252106
0.253794
0.251013
0.25202
0.251596
0.251608
0.254144
0.250685
0.254211
0.252009
0.255118
0.251355
0.251773
0.253041
0.249314
0.253397
0.250254
0.250283
0.251789
0.252377
0.256448
0.250449
0.249828
0.24868
0.250744
0.251499
0.251626
0.251379
0.252476
0.25297
0.253357
0.251328
4.61452e-05
0.251334
0.250945
0.251767
0.250851
0.253149
0.249266
0.250339
0.252419
0.249262
0.252941
0.249714
0.252754
0.248384
0.250363
0.253079
0.252525
0.248222
0.251448
0.251684
0.252286
0.247996
0.252528
0.244615
0.250587
0.248677
0.250683
0.248916
0.253237
0.251377
0.255105
0.251641
0.255457
0.251366
0.25235
0.253141
0.252055
0.248507
0.25308
0.251403
0.254671
0.252899
0.252262
0.25292
0.254446
0.254526
0.248795
0.250791
0.254553
0.249673
0.250685
0.252702
0.252967
0.251577
0.253705
0.252759
0.252146
0.252191
0.254058
0.251145
0.25375
0.256315
0.252838
0.252624
0.256238
4.08202e-05
0.25291
0.251512
0.251102
1.95228e-05
0.254262
0.251475
0.250769
0.251093
0.255036
0.253429
0.252169
0.253894
0.251965
0.253464
0.252592
0.253454
0.249876
0.250689
0.252989
0.250483
0.253062
2.66211e-05
0.251859
0.25106
0.250976
0.252574
0.247181
0.253295
0.253224
0.25373
0.251135
0.255023
0.251783
0.25447
0.250397
0.24954
0.24951
0.252218
0.252202
0.253651
0.25047
0.251008
0.249683
0.252176
0.252239
0.250742
0.247853
0.252252
0.253841
0.252253
0.252992
0.252284
0.250258
0.241542
0.252899
0.253719
0.253528
0.250619
0.252686
0.254593
0.25012
0.252721
0.252657
0.253369
0.250409
0.253579
0.251837
0.254979
0.251709
0.252998
0.254127
0.254179
0.252142
0.251668
0.253187
0.255252
3.37204e-05
0.249923
0.252238
0.249191
0.252142
0.254722
0.2516
0.251599
0.25236
0.25
0.252379
0.251125
0.250734
0.252125
0.253433
0.252857
0.251645
0.251402
0.251577
0.249334
0.25345
0.251177
0.250805
0.251946
0.253036
0.252427
0.25242
0.255099
0.252801
0.252782
0.251974
0.252502
0.254523
0.253188
0.253747
0.251477
0.255415
0.252824
0.250339
0.250539
0.251602
0.250394
0.250887
0.251943
0.253695
0.249254
0.253047
0.253252
0.252031
0.25163
0.250548
0.253164
0.24952
0.253537
0.2542
0.252039
0.251236
0.255733
0.251729
0.253347
0.25256
0.252242
0.251054
0.2529
0.255321
0.252617
0.251498
0.253122
0.250641
0.250498
0.250391
0.251608
0.252581
0.254749
0.25066
0.252078
0.251753
0.251925
0.253426
0.253755
0.252378
0.252662
3.72691e-05
0.252461
0.251852
0.249451
0.255761
0.25298
0.253174
0.252936
0.254257
0.251235
0.250497
0.252376
0.253246
0.254609
0.250225
0.249259
0.252969
0.252094
0.25322
0.251931
0.25293
0.254558
0.254587
0.254237
0.252271
0.251923
0.251977
0.252076
0.251736
0.251409
0.250957
0.25304
0.249021
0.251394
0.250279
0.250512
0.252698
0.251147
0.252908
0.251045
1.95228e-05
0.252261
0.254527
0.252025
0.252439
0.249872
0.252096
0.252672
0.250176
0.250386
0.253726
0.250434
0.252554
0.255904
0.25207
0.254999
0.252177
0.249797
0.253356
0.251176
0.251918
0.252034
0.253149
0.251413
0.251445
0.251774
0.250155
0.250219
0.252944
0.252282
0.253967
0.251627
0.256813
0.254458
0.252093
0.252789
0.253831
0.251829
0.251797
0.251869
0.25398
0.25219
0.250008
0.252798
0.252628
0.250756
0.25088
0.254382
0.252604
0.249334
0.251433
0.250244
0.253811
0.253888
0.253119
1.7747e-05
0.252871
0.254128
0.252672
0.252726
0.250941
0.249178
0.251631
0.252898
0.250532
0.252136
0.253394
0.251645
0.254192
0.25058
0.254542
0.250309
0.251868
0.251504
0.252052
0.253064
0.252317
0.252756
0.25245
0.251488
0.250694
0.251653
0.249173
0.252329
0.253033
0.250815
0.255355
0.252813
0.25089
0.252388
0.254727
3.37208e-05
0.252707
0.25187
0.250755
0.251006
0.252215
0.250212
0.256031
0.253392
0.252308
0.251274
0.251455
0.253337
0.254578
0.253155
0.251764
0.253596
0.248643
0.253738
0.254652
0.250794
0.251814
0.253131
0.254395
0.252929
0.25113
0.252523
0.251379
0.252456
3.01706e-05
0.252608
0.253696
0.252639
0.253163
0.251294
0.252117
0.247419
0.253904
0.250973
0.249968
0.252467
0.254476
0.250193
0.251483
0.252144
0.250262
0.253472
0.245866
0.251181
0.252836
0.252844
0.251188
0.252438
0.251303
0.251015
0.250189
0.25364
2.8396e-05
0.254451
0.252647
0.250496
0.253737
0.253209
0.251615
0.254984
0.248685
2.30726e-05
0.253229
0.253025
0.253116
0.250824
0.250812
0.251404
0.251294
0.253722
0.255256
0.253535
0.254251
0.252181
0.252257
0.252266
0.251577
0.250484
0.251276
2.83959e-05
0.251743
0.254584
0.253125
0.25218
0.251585
0.248766
0.252011
0.250908
0.252979
0.25192
0.248146
0.251564
0.249863
0.251065
0.252042
0.247388
0.251281
0.253718
0.252174
0.251933
0.250772
0.251883
0.249635
0.251597
0.251363
0.2513
0.247944
0.254328
0.253283
0.249766
0.250684
0.251346
0.251827
0.251828
0.251411
0.250407
0.253161
0.252906
0.251669
0.25158
0.252402
0.253059
0.252418
0.253238
0.251458
0.237725
0.255148
0.252171
0.255052
0.253178
0.24909
0.251186
0.252647
0.251233
0.25015
3.01702e-05
0.251915
0.254467
0.251813
0.248154
0.248467
0.252226
0.250863
0.256435
0.250361
0.252075
0.249911
0.255878
0.252033
0.248929
0.249384
0.25221
0.249783
0.252782
0.253215
0.253728
0.249916
0.249207
0.254658
0.25154
0.255405
0.254856
0.252166
0.252317
0.254274
0.253615
0.251522
0.25123
0.25292
0.242754
0.252865
0.249039
0.25104
0.248988
0.252478
0.249231
0.248324
0.248235
0.251867
0.252001
0.253553
0.249703
0.254121
0.254589
0.251019
0.25259
0.251431
0.250076
0.253238
0.25071
0.252001
4.7918e-05
0.251267
0.251687
0.252563
0.24986
0.25383
0.250225
0.250061
0.250046
0.249604
0.253356
0.252382
0.24931
0.248462
0.253407
0.252813
0.252486
0.254638
0.253951
0.250701
0.249799
0.252461
0.250904
0.250396
0.251761
0.256406
0.252068
0.254524
0.253131
0.24958
0.251369
0.252778
0.249618
0.249579
0.253514
0.253932
0.248318
4.96925e-05
0.252953
0.25266
0.251146
0.250089
0.252889
0.252338
0.250874
0.25481
0.254282
0.249259
0.25218
0.254586
0.252591
0.252796
0.253072
0.252231
0.250016
0.255892
0.250796
0.25295
0.251639
0.252569
0.252327
0.254033
0.2533
0.249089
0.254018
0.251282
0.252736
0.251776
0.251285
0.252301
0.253136
0.250545
0.252745
0.251829
0.252814
0.250089
0.251923
0.25288
0.250032
0.25096
0.249493
0.255318
0.251944
0.250546
0.254337
0.253111
0.252564
0.252151
0.251239
0.251428
0.252754
0.253287
0.251495
0.253781
0.255329
0.25239
0.25179
0.2454
0.251666
0.251301
0.252504
0.251801
0.253009
0.253955
0.252094
0.25443
0.248854
0.253765
3.19449e-05
0.251888
0.253774
0.249298
0.251372
0.247613
0.250506
0.252504
0.25469
0.253178
0.254391
0.253478
0.251356
1.77485e-05
0.252817
0.252888
0.249034
0.251017
0.251316
0.252015
0.250909
0.251842
0.253075
0.252793
0.250029
0.253568
0.252698
0.251523
0.252613
0.249114
0.252129
2.83977e-05
0.252709
0.255422
0.252444
0.253872
0.252249
0.252191
0.253834
0.25203
0.250518
0.252722
0.252753
0.253015
0.254717
0.253091
0.25157
0.257149
0.251965
0.253356
0.251885
4.0819e-05
0.25685
0.252546
0.251012
0.25501
0.251661
0.251331
0.249577
5.14681e-05
0.250555
0.253776
0.253524
0.251609
0.251277
0.252225
0.250835
0.24644
0.251192
0.249344
0.251441
0.252295
0.25263
0.250436
0.251535
0.252856
3.01709e-05
0.254708
0.254062
0.251741
0.251403
0.25116
0.251141
0.252668
0.252931
0.248767
0.256334
0.253249
0.251567
0.25419
3.72697e-05
0.254669
0.25308
0.25537
0.250551
0.255587
0.249992
0.251373
0.25097
0.253045
0.253712
0.252736
0.25149
0.253018
0.254736
0.251899
0.251797
0.250532
0.251371
3.19458e-05
0.250973
0.249541
0.252549
0.251408
0.254392
0.251746
0.252069
0.252147
0.253356
0.254777
0.25161
0.252797
0.25134
0.252428
0.254926
0.251131
0.251753
0.249408
0.241618
0.248618
0.253067
0.252536
0.254384
0.253065
0.253704
0.254184
0.254149
0.252328
0.249654
0.249566
0.253175
0.250287
0.249548
0.251827
0.252613
0.250875
0.250083
0.251236
0.253476
0.251244
5.67919e-05
0.253678
0.250994
0.252877
0.252637
0.253898
0.249597
0.250641
0.251996
0.250674
0.251998
0.254722
0.252348
0.250989
0.251576
0.25436
0.253652
0.252604
0.251775
0.251815
0.251075
