0.237265
0.23975
0.241278
0.24035
0.240952
0.240402
0.239856
0.236203
5.14658e-05
0.242427
0.229101
0.239064
0.238382
0.23626
0.234137
0.238484
0.239129
5.50163e-05
4.61419e-05
0.238974
0.239582
0.236871
0.238458
0.236921
0.239176
0.2364
0.239734
0.238634
0.238931
0.238376
0.239078
0.232225
4.08192e-05
0.235336
0.236545
0.241581
0.238255
0.241142
0.239813
0.241032
0.240046
0.240854
0.239291
0.239687
0.23824
1.24236e-05
0.23445
0.23907
0.23788
0.235368
0.235954
0.235357
0.23406
0.238641
0.242864
0.241219
0.236416
0.239611
0.238981
0.235916
0.244319
0.241228
0.237011
0.243798
0.236844
0.239173
0.24054
0.2335
0.238237
0.239789
0.238272
0.239493
0.236919
0.239575
0.240007
0.238972
0.236868
0.237057
0.236762
0.234992
0.238763
0.239394
0.238719
0.240599
2.8396e-05
0.237179
0.237953
0.237648
0.238153
0.233791
2.48469e-05
0.238874
0.236832
0.240767
0.239934
0.236862
0.233791
0.239894
0.238828
0.238266
0.237542
0.236793
0.238486
0.236517
0.237997
3.72695e-05
0.233933
0.237419
0.240519
0.237313
0.240043
0.236558
0.241512
0.238664
0.240259
0.236146
0.234756
0.236296
0.241027
0.239492
0.242829
0.240966
0.234246
0.239604
0.239385
0.237713
0.237582
0.236955
0.236914
0.237328
0.239194
0.239993
0.236244
0.237043
0.239953
0.238664
0.238578
0.237986
0.240176
0.239435
0.240558
0.24128
0.237295
0.238302
0.24177
0.241142
4.08192e-05
3.01717e-05
6.74407e-05
0.240428
0.235942
0.241147
0.234969
0.240158
0.24207
0.237335
0.238256
0.240069
0.240575
0.234093
0.238629
0.235566
0.239242
0.238808
0.237018
0.240533
0.237257
0.237963
0.240092
0.239854
0.238869
0.240084
0.236161
0.227382
0.238954
0.236901
0.240213
0.241672
0.239242
0.210662
0.240794
0.235836
0.238119
0.235885
0.239093
0.240991
0.241817
0.236019
0.237823
0.238396
0.242683
0.236879
0.243372
0.238545
0.239837
0.236565
0.238948
0.238752
0.241607
0.237284
0.241293
0.239333
0.238606
0.237756
0.238002
0.240852
0.237682
0.237259
0.23553
0.240107
0.239653
0.239598
0.240881
0.241538
0.241102
0.242461
0.2388
0.236037
0.24175
0.238481
0.235894
0.238789
0.227033
3.54952e-05
0.240508
0.240064
0.237316
0.237054
0.239433
0.234544
0.243232
0.241588
0.237873
0.241045
0.238723
0.236237
0.239319
0.238969
0.238705
0.239523
0.239472
0.239707
0.241322
0.237227
0.237192
0.237871
0.235263
0.240993
0.230395
0.238698
0.236344
0.236411
0.239458
0.238388
0.230494
0.23661
0.237211
0.237532
0.239119
0.235165
0.240443
0.237046
0.236636
0.236093
0.239656
0.237606
0.237606
0.237556
0.234903
0.240496
0.239617
0.23633
0.23796
0.236833
0.238947
0.239316
0.237727
0.239463
0.236606
0.239778
0.238602
0.239229
0.234203
0.227929
0.242264
0.236647
0.239025
0.237872
0.241249
0.238869
0.238596
0.240757
0.239719
0.241292
0.238012
0.239683
0.238898
0.238892
0.229696
0.241643
0.237256
0.238841
0.239032
0.240646
0.239038
0.240116
0.23946
0.241177
0.235205
0.236797
0.232348
0.238413
0.237972
0.237501
0.23947
0.237756
0.239119
0.240726
0.236598
0.236292
0.239934
0.237243
0.238912
0.238349
0.237415
0.236067
0.237058
0.236208
0.239548
0.237486
0.237262
0.234946
0.241502
0.240924
0.238543
0.237394
0.240279
0.2391
0.237729
0.240375
0.229739
0.238607
0.241254
0.237624
0.240121
0.243615
0.236219
0.237398
0.239133
0.240445
0.238519
0.237351
3.01713e-05
0.236903
0.236862
0.238925
2.30716e-05
0.238311
0.242338
0.239504
0.239553
0.240982
0.24055
0.238666
0.240077
0.240118
0.238699
0.239331
0.240842
0.237669
0.237324
0.241653
0.237314
0.238046
0.237713
0.237469
0.243849
0.23847
0.236921
0.23744
0.236995
0.237624
0.239732
0.239094
0.236464
0.241041
0.237602
0.239342
0.237407
0.236519
0.23992
3.01717e-05
0.237124
0.241115
0.239924
0.234949
0.239641
0.238185
0.240093
0.238149
0.239271
0.238341
0.24152
0.240471
0.22732
0.239335
0.240528
0.242156
0.237938
0.233241
0.188836
0.241761
0.241483
0.238436
0.240858
0.241005
0.239821
0.238684
0.239006
0.238837
0.239935
0.239982
0.240162
0.237525
0.237866
0.239613
0.236688
0.239247
0.235734
0.236962
0.239426
0.237947
0.231315
0.239265
0.238423
0.236941
0.239578
0.238806
0.239777
0.236452
0.229691
0.235615
0.237898
0.237154
0.23897
4.79168e-05
0.237507
0.240163
0.23858
0.242013
0.237086
0.240272
0.236907
0.240785
0.238142
0.23671
0.240413
0.238867
0.24053
0.236269
0.239544
0.236959
0.236518
0.239419
0.239647
0.231394
0.240892
0.238553
0.237941
0.240665
0.240882
0.238055
0.237266
0.238839
0.23683
0.238838
0.238281
0.240389
0.236822
0.238842
0.24001
0.239735
0.23699
0.226055
0.237482
0.2395
0.239764
0.239359
0.239913
0.238782
0.238634
0.227258
0.238106
0.239327
0.237265
0.235954
0.236391
0.240343
0.239003
0.236004
0.240724
0.238801
0.23909
0.237005
0.240748
0.235728
0.238709
0.240876
0.237488
0.238372
0.237571
0.241078
0.23888
0.237652
0.237733
0.238079
0.235091
0.238414
0.236833
0.241677
0.237485
0.239092
0.240799
0.240811
0.240933
0.230789
0.234306
0.238787
0.234771
3.54962e-05
0.23873
0.235598
0.242086
0.238564
0.238844
0.237772
0.236529
0.237863
0.241174
1.59727e-05
0.238412
0.237123
0.238801
0.236924
0.235403
0.236198
0.238967
0.240058
0.240184
3.90465e-05
0.238707
0.23942
0.236696
0.238432
0.238948
0.239898
0.238407
0.239546
0.238244
0.237803
0.237905
0.236273
0.240276
0.235868
0.237318
0.241654
1.77471e-05
0.237971
0.238926
0.23668
0.23994
0.239077
0.237484
0.23498
0.237813
0.239301
0.238839
0.237031
0.235646
0.238327
0.236933
0.239575
0.236361
0.236813
0.236282
0.239324
0.238696
0.238939
0.240269
0.240981
0.239114
0.238013
0.239931
0.237219
0.240748
0.239901
0.238689
0.235578
0.238722
0.240924
0.238884
0.240125
0.239259
0.233933
0.23959
0.240432
0.236615
0.234768
0.23883
0.235285
0.237612
0.237303
0.238249
0.239349
0.239865
0.238506
0.23899
0.240057
0.241738
0.240079
0.241269
0.23456
0.2355
0.236832
0.237642
0.238245
0.237864
0.237566
0.238195
0.237522
0.237999
0.241216
0.235727
0.237864
0.238745
0.238504
0.234108
0.237704
0.238419
0.238916
0.234837
0.239159
0.237774
0.240798
0.238573
0.228242
0.241439
0.237746
0.237116
4.96935e-05
0.2371
0.24118
0.242171
0.240388
0.237355
0.237068
0.239278
0.237728
0.23062
0.236583
0.239352
0.238413
2.30717e-05
0.236772
0.236626
0.239021
0.235127
0.239353
0.239838
0.237805
0.238777
4.25941e-05
0.237466
0.240007
0.235308
0.237802
0.238776
0.239925
0.24019
0.239532
0.239257
0.239935
0.237185
0.238272
0.2384
0.238199
0.233851
0.237534
0.242266
0.236081
0.237168
0.241766
0.238131
0.239583
0.237551
0.235262
0.236978
0.23891
0.241454
0.235115
0.239242
0.237077
0.235248
0.235959
0.239574
0.232192
6.21161e-05
0.236409
0.237586
0.237228
0.238015
0.236328
0.237976
0.240959
0.23769
0.240014
0.236951
0.235088
0.240968
0.239843
0.238308
0.220797
0.240185
0.238208
0.237032
2.48464e-05
0.242712
0.238179
0.23863
0.236255
0.234584
0.241013
0.235458
0.23815
0.134602
1.95226e-05
0.239888
0.239368
0.239043
0.232132
0.237808
0.213006
0.238172
0.240263
0.237885
0.239119
0.240749
0.237498
0.2418
0.238904
0.235881
0.209926
0.234951
0.236339
0.237033
0.236753
0.243915
0.238677
0.238579
0.238796
0.24025
0.238121
0.237098
0.238872
0.236159
0.235814
0.241199
0.242253
0.239013
0.237079
0.24005
0.239934
0.238312
0.240617
0.241485
0.236622
0.242143
0.240094
0.239422
0.237975
0.239428
0.237073
0.240491
0.238834
0.238796
0.23765
0.235491
0.239269
0.239665
0.240518
0.237923
0.242149
0.238543
0.240133
0.23929
0.241156
0.240514
0.239369
0.240622
0.238296
0.237857
0.239104
0.240698
0.23967
0.239058
0.241365
0.239214
0.23816
0.238194
0.239461
0.239129
0.241569
0.238561
0.23804
0.240136
0.240322
0.240057
0.241441
0.237021
0.238145
0.237095
0.238603
0.239669
0.229104
0.238814
0.240105
0.236816
0.234483
0.239225
0.240341
0.232592
0.237693
0.239929
0.237678
0.238118
0.238793
0.238384
0.24045
0.236278
0.242529
0.237923
0.238464
0.235921
0.236942
0.240396
0.239035
0.238651
0.236758
0.239386
0.240386
0.240833
0.240879
0.242852
0.233657
0.241668
0.239071
0.238044
0.235696
0.23699
0.23978
0.241626
0.238601
0.241601
0.236397
0.238148
0.240904
0.240272
0.242698
0.238798
0.239055
0.237902
0.241893
0.239561
0.239656
0.238041
0.239196
0.240068
0.23969
0.239611
0.236203
0.241709
0.239532
0.238902
0.236906
0.24071
0.237445
0.238372
9.76145e-05
0.238769
0.23647
0.242382
0.241061
0.238799
0.240068
0.239315
0.236506
0.236714
0.239777
0.241201
0.237896
0.239029
0.233558
0.237368
0.239426
0.236152
0.239236
0.239617
0.237636
0.237905
0.2362
0.23661
0.240944
0.237778
0.23937
0.233868
0.242243
0.238815
0.239291
0.233554
0.236272
0.24051
0.240284
0.239289
0.238211
0.240379
0.238594
0.236787
0.239101
0.238343
0.233381
0.236182
0.236095
0.238415
0.233637
3.72707e-05
0.239663
0.237895
0.23797
0.234981
0.238986
0.23713
0.240578
3.72707e-05
0.241163
0.238707
0.238584
0.23917
0.239562
0.241997
0.237773
0.212038
0.23659
0.236483
0.242006
0.236901
0.236844
0.234099
0.237759
0.239018
0.239529
0.226271
0.239831
0.238963
0.240147
0.239279
0.242345
0.237611
0.23714
0.237461
0.237856
0.22541
0.239015
0.236113
6.03403e-05
0.237488
0.235133
0.235838
0.239652
0.236944
0.234648
0.24058
0.235965
0.0987447
0.239342
0.239254
0.238815
0.235255
0.236461
0.239584
0.238758
0.242451
0.241267
0.237665
0.239569
0.238591
0.237377
0.236731
6.21162e-05
0.241606
0.236115
