0.24969
0.247755
0.24654
0.246731
0.244093
0.246569
0.244509
0.242933
0.245824
0.200562
0.242298
0.247015
0.246076
0.244211
0.244713
0.244919
0.246199
0.247391
0.245961
0.245308
0.2465
0.24766
0.244359
0.245344
0.243613
0.24412
0.248812
0.246921
0.24493
0.245843
0.248266
0.246921
0.246828
0.241883
0.247427
0.24909
0.243059
0.248074
0.240521
0.246317
0.246359
0.249673
0.245203
4.25943e-05
0.246012
0.248726
0.243338
0.248428
0.244708
0.245594
0.244965
0.249132
0.243885
0.246143
0.248414
0.244337
0.245637
0.247191
0.246348
0.244215
0.247967
0.249732
0.245098
0.250315
0.24501
0.2469
0.247366
0.244369
0.244088
0.244157
0.248257
0.246628
0.247781
0.247157
0.245313
0.245785
0.247465
0.245624
0.181277
0.245383
0.246191
0.24684
0.245621
0.247612
0.245107
0.241916
0.247579
0.247011
0.24876
0.24201
0.247858
3.54952e-05
0.243732
0.247041
0.24732
0.243947
0.244586
0.246427
0.24283
0.245255
0.243952
0.244413
0.244753
0.245815
0.245615
1.41979e-05
0.244328
0.246103
0.246887
0.245003
0.246499
0.246809
0.248943
0.245742
0.245853
0.244287
0.243892
0.248104
0.245392
0.245216
0.244705
0.245617
0.243921
0.247154
0.246581
0.245435
0.243769
0.245694
0.245809
0.247235
0.24738
0.249435
0.246644
0.246143
0.244761
0.2459
0.244112
0.246986
0.249494
0.24716
0.24133
0.24842
0.243361
0.245343
0.249377
0.244237
0.244446
0.24497
0.24805
0.246918
0.247093
0.248386
0.247943
0.247899
0.245501
0.245362
0.242528
0.244284
0.245673
0.244641
0.243701
0.246233
0.244776
0.247247
0.247097
0.242175
0.244826
0.249002
0.223203
0.242828
0.245398
0.245055
0.244247
0.245779
0.247188
0.241547
0.245601
0.245052
0.244254
0.247003
0.246969
0.244399
0.247699
0.245296
0.246835
0.247425
0.249279
0.243164
0.245512
0.246313
0.248398
0.247366
0.246421
0.246385
0.242663
0.244576
0.246015
0.246767
0.244872
0.24283
0.246647
0.248983
0.246926
0.247237
0.243384
0.244739
0.245822
0.244328
0.245099
0.245683
0.246395
0.24658
2.48463e-05
0.247359
0.249522
0.246304
0.246009
0.242987
0.251412
0.244314
0.247973
0.240474
0.245751
0.248326
0.248527
0.247291
0.24362
0.245859
0.249405
0.243565
0.248355
0.250725
0.245242
0.246185
0.245914
0.243963
0.245438
0.244528
0.244949
0.247732
0.247983
0.245844
0.247175
0.249093
0.24768
0.244669
0.246401
0.219599
0.246765
0.246972
1.59734e-05
0.247817
0.244413
0.241208
0.245549
0.246772
0.242087
0.248263
0.243892
0.243618
0.247934
0.245173
0.242531
0.246506
0.248945
0.245422
0.246783
0.24313
0.246696
0.247573
0.245424
0.244237
0.246267
0.246284
0.243985
0.245336
0.246377
0.244741
0.245968
0.246907
6.56656e-05
0.247505
0.243532
0.243311
0.246587
0.246733
0.244507
0.246173
6.21168e-05
0.241445
5.85669e-05
0.248855
0.245412
0.246059
0.243829
0.242642
0.24531
0.243957
0.2446
0.244555
0.244431
0.246324
0.24452
0.246059
0.244136
0.246609
0.248343
0.247723
0.247237
0.247336
0.246786
0.244195
0.247171
0.246022
0.2464
0.242525
0.248722
0.244945
0.241653
0.244083
0.248041
0.244182
0.245085
0.246644
0.243545
0.24906
0.245913
0.245644
0.2462
0.24708
0.246042
0.244208
0.24508
0.246463
0.245718
0.245907
0.246842
0.246927
0.250246
0.247726
0.243017
0.246233
0.246096
0.245878
0.246794
0.24942
0.244925
0.244533
0.246864
0.245958
0.245023
0.24358
0.24375
0.244886
0.245578
0.245894
0.24463
0.243585
0.249254
0.245689
0.244904
0.248407
0.247211
0.247519
0.242377
0.245868
0.248203
0.245179
0.247861
0.245475
0.247218
0.246867
0.246341
0.244971
0.245738
0.246841
0.248385
0.246861
0.246511
0.246917
0.245515
0.247495
0.243786
0.245874
0.24712
0.245092
0.246085
0.246194
0.246434
0.244122
0.246534
0.248121
0.244461
0.246284
0.245156
0.247307
0.250048
0.242245
0.246552
0.250336
0.248194
0.246141
0.244274
0.247263
0.244724
0.247301
0.24401
0.244754
0.232026
0.241615
0.247537
0.244807
0.246605
0.244261
0.240918
0.244299
0.248361
0.246634
0.248812
0.246087
0.24754
0.245352
0.247457
0.247679
0.243632
0.24855
0.244857
0.246793
0.244857
0.245151
0.245136
0.247469
0.244923
0.245806
0.244468
0.24125
0.238213
0.247505
0.245877
0.241458
0.244045
0.244464
0.245489
0.246845
0.247922
0.24524
0.246691
0.249192
0.247577
0.249609
0.246002
0.246567
0.24352
0.244925
0.24479
0.247907
0.247725
0.245883
0.247423
0.246884
0.242181
0.242907
0.247824
0.249405
0.246719
0.245453
0.246697
0.243705
0.245959
0.246286
0.247183
0.245193
0.246186
0.244905
0.246824
0.246937
0.246851
0.24111
0.24622
0.245405
0.242983
0.248724
0.247558
0.247524
0.242996
0.241491
0.247788
0.246597
0.247372
0.246487
0.246123
2.30699e-05
0.244936
0.247854
0.248071
0.243726
0.245147
0.215465
0.248895
0.244874
0.245298
0.245698
0.245964
0.243684
0.242282
0.247031
0.244525
0.245752
0.245677
0.246162
0.246601
0.242817
0.245865
0.246332
0.246174
0.24564
0.246017
0.245846
0.24456
0.249326
0.247276
0.248452
1.77478e-05
0.245438
0.250416
0.24292
0.243954
0.244436
0.242147
0.245813
0.242166
0.247086
0.244885
0.247532
0.246639
0.243492
0.248025
0.243622
0.248172
0.242758
0.246367
0.247876
0.244394
0.246664
0.243978
0.244359
0.246094
0.246982
0.245527
0.247356
0.246592
0.249669
0.245341
2.30727e-05
0.244826
0.245045
0.246306
0.24588
0.248985
0.246046
0.245778
0.24769
0.246846
0.244779
0.246998
0.246561
0.248006
0.244065
0.244716
0.243847
0.247778
0.247954
0.245362
0.24679
0.244269
3.90437e-05
0.247798
0.245225
0.248802
0.246881
0.244662
0.24757
0.24447
0.24782
0.245287
0.246988
0.242112
0.240513
0.244579
0.24695
0.245237
0.244362
0.246973
0.245234
0.24809
0.243954
0.244936
0.00013488
0.246901
0.244615
0.248705
0.248037
0.246072
0.244788
0.248802
0.225325
0.243777
0.245808
0.244339
0.24511
0.243978
0.246949
0.246816
0.24527
0.245752
0.242558
0.248391
0.247223
0.247213
0.244946
0.246123
0.235499
0.241036
0.245636
0.242852
0.242066
0.246109
0.245796
0.241031
0.247409
0.248983
0.248741
0.245321
0.24299
0.247285
0.245633
0.244053
0.246412
0.246691
0.245694
0.245056
0.246654
0.247139
0.247446
0.245496
0.24592
0.245324
0.244187
0.245505
0.244288
0.246863
0.243649
0.246198
0.24714
0.248173
0.247103
0.245786
0.24546
0.2447
0.246799
0.24518
0.246902
0.247639
0.246141
0.244577
0.246166
0.242431
0.24527
0.247756
0.239674
0.247248
0.244815
0.245294
0.249427
0.245601
0.244759
0.246019
0.247173
0.248782
0.247763
0.24617
0.247073
0.245177
0.245678
0.24409
0.243477
0.245134
0.245098
0.249852
0.245754
0.245624
0.246309
0.246737
0.248211
0.249544
0.243492
0.24631
0.246689
1.77478e-05
0.242555
0.245537
0.246597
0.245018
0.245688
0.245322
0.244054
0.242418
0.242414
0.242603
3.72704e-05
0.248005
0.246048
0.248135
0.247841
0.242731
0.247653
0.244972
0.245684
0.24501
0.24896
0.244247
0.244483
0.246165
0.247352
0.242807
0.246742
0.247733
0.245894
0.241723
0.246924
0.243994
0.249338
0.243885
0.245462
0.244029
0.24613
0.245791
0.248113
0.247849
0.24619
0.243585
0.24689
0.247646
0.244792
0.248355
0.246923
0.248201
0.244213
0.248115
0.246206
0.243791
0.245896
0.243526
0.243497
0.238654
0.246984
0.24916
2.30717e-05
0.246361
0.246557
0.247397
0.248173
0.243972
0.245946
0.244206
0.245795
0.24726
0.24754
0.246888
0.246719
0.247622
0.24517
0.244605
0.245393
0.246439
0.244601
0.242788
0.245921
0.246317
4.96953e-05
0.243354
0.243609
0.237843
0.245617
0.239163
0.249437
0.243062
0.244446
0.245827
0.247546
0.248401
0.247786
0.245379
0.244474
0.247914
0.246145
0.246836
0.244467
0.24691
0.247267
0.243002
0.243271
0.247628
0.243527
0.241888
0.246512
0.245178
0.246619
2.30719e-05
0.245389
0.249083
0.246548
0.246456
0.245336
0.245198
0.246129
0.246908
0.243358
0.243964
0.244472
0.245194
0.247957
0.247778
0.24579
0.247264
0.248127
0.245681
0.239707
0.247761
0.248136
0.248468
0.247
0.246696
0.246034
0.24078
0.242257
0.2419
0.246548
0.248038
0.247269
0.246223
0.248934
0.244066
0.247525
0.247236
0.247227
0.243948
0.246193
0.246178
0.247451
0.24453
0.247356
0.247769
0.245816
0.249202
0.245689
0.245467
0.246288
0.244666
0.24857
0.246647
1.59729e-05
0.246469
0.247251
0.247989
0.248357
0.248865
0.246532
0.244448
0.247654
3.01692e-05
0.246834
0.24352
0.245044
0.2415
0.24376
0.247746
0.246937
0.243251
0.246202
0.249159
0.248511
0.246006
5.85681e-05
0.248913
0.244106
0.244821
0.247964
0.243762
0.243805
0.243238
0.249765
0.246216
0.247669
0.245564
0.2452
0.243464
0.249279
0.245908
0.248795
0.247835
0.246354
0.246003
0.249185
0.248582
0.246305
0.249076
1.7748e-05
0.248577
0.24586
0.245626
0.246193
0.243897
0.245979
0.244593
0.250298
0.249004
0.245354
0.245421
0.245741
0.24841
0.247031
0.245897
0.245549
0.247398
0.245302
0.243839
0.2445
0.246531
0.244347
0.244857
0.245014
0.2452
0.249386
0.243062
2.48466e-05
0.24622
0.245647
0.242959
0.249931
0.246677
0.247395
0.24648
0.247517
0.245029
0.230746
0.247014
0.248235
0.250692
0.244533
0.246618
0.245315
0.244653
0.242998
0.243143
0.244117
0.243494
0.243294
0.246678
0.244379
0.248518
0.246674
0.24724
0.245913
0.245437
0.249964
0.246047
0.245287
0.246936
0.25038
0.244009
0.243525
0.24821
0.245042
0.24724
0.244702
0.237022
0.246684
2.48471e-05
0.242807
0.246631
0.243941
0.245404
0.244783
0.246533
0.25034
0.244948
0.242662
0.245002
0.245442
0.248702
0.245881
0.245047
0.249455
0.245277
0.246877
0.243862
0.249161
0.245513
0.246312
