0.264311
0.261746
0.263624
0.264937
0.264138
0.263054
0.264469
0.262306
0.2611
0.264927
0.263253
0.260945
0.262719
0.262754
0.262469
0.259621
0.265122
0.263997
0.262351
2.30714e-05
0.266109
0.264435
4.96927e-05
0.264352
0.26047
0.259318
0.264515
0.265283
0.264419
0.261909
0.266327
0.263886
0.263511
0.260625
0.263031
0.263241
0.260049
0.2665
0.260653
0.263797
0.26362
0.264109
0.261035
0.261871
0.261686
0.264607
0.260301
0.264761
0.262143
0.262095
0.263554
0.264303
0.260313
0.261265
0.263414
0.264023
0.261344
0.264485
0.26143
0.262145
0.265301
0.263093
0.258847
0.267612
0.261881
0.265509
0.262224
0.265294
0.262587
0.261396
0.261492
0.262599
0.26552
0.26394
0.264747
0.262927
0.262572
0.264374
0.26326
0.260021
0.263112
0.261474
0.262182
0.263903
0.262894
0.262315
0.263774
0.264164
0.262514
0.263948
0.261393
0.263592
0.262606
0.262127
0.26254
2.66217e-05
0.264617
0.260852
0.26206
0.263196
0.260929
0.263312
0.263337
0.261971
0.260373
0.261885
0.262341
0.263082
0.265136
0.262983
0.264201
0.264724
0.265599
0.26175
0.262889
0.263919
0.261612
0.262222
0.264125
0.261473
0.262868
0.261705
0.260672
0.264527
0.262132
0.26308
0.260309
0.26299
0.261745
0.261365
0.26257
0.265389
0.261247
0.261053
0.265572
0.263028
0.263469
0.262208
0.264187
0.266209
0.261884
0.263375
5.50201e-05
0.262335
0.26464
0.252767
0.265051
0.262407
0.263684
0.262412
0.26343
0.265165
0.26399
0.264825
0.262441
0.263478
0.262705
0.260777
0.264082
0.260512
0.260661
0.264261
0.263465
0.264566
0.263384
0.263146
0.259967
0.26334
0.26625
0.263287
0.261963
2.30712e-05
0.262995
0.263813
0.262474
0.26209
0.262236
0.261894
0.263627
0.2628
0.262887
0.262665
0.26147
0.263266
0.263825
0.263556
0.263754
0.260026
0.261536
0.260933
3.01708e-05
0.262231
0.262385
0.263244
0.265231
0.260561
0.263682
0.26573
0.26218
0.261294
0.262623
0.262918
0.265085
0.262063
0.262871
0.262753
0.264676
0.263498
0.260259
0.262446
0.265199
0.262222
0.263699
0.26464
0.266484
0.26518
0.264127
0.260166
0.267914
0.263539
0.26014
0.263781
0.26213
0.264764
0.265986
0.261903
0.260707
0.263387
0.261583
0.261144
0.264876
0.266743
0.263617
0.26578
0.263967
0.261238
0.261097
0.264426
0.261645
0.262253
0.265051
0.262773
0.264151
0.2632
0.260099
0.260904
0.260912
0.262586
0.262804
0.265634
0.265325
0.263794
0.265233
0.260358
0.262484
0.264535
0.261629
0.262731
0.263306
0.261187
0.26441
0.262585
0.261807
0.263431
0.262461
0.263973
0.260916
0.263074
0.263778
0.267009
0.264569
0.261782
0.26145
2.66214e-05
0.264099
0.264743
0.263425
0.261158
0.264037
0.260812
0.261447
0.262685
0.260108
0.262589
0.262459
0.264078
0.263845
0.263577
0.264772
0.261356
0.263542
0.265983
0.263783
0.262589
0.263061
0.262922
0.262628
0.263243
0.265721
0.263597
0.263113
0.263331
0.263794
0.264673
0.263021
0.264036
0.266848
0.26418
0.264138
0.265366
0.26269
0.263845
0.261646
0.262224
0.263225
0.260306
0.262526
0.26085
0.262746
0.260292
0.262246
0.264166
0.263277
0.261658
0.263325
0.265533
0.263555
0.262546
0.261554
0.263692
0.264139
0.263317
0.263502
0.261385
0.26169
0.262092
0.26454
0.260692
0.262639
0.262266
0.263398
0.264977
0.264387
0.263715
0.263057
0.263261
0.260134
0.263451
0.263442
0.26431
0.263071
0.263184
0.259171
0.259927
0.263515
1.41988e-05
0.262281
0.26123
0.265179
0.262809
0.263641
0.263431
0.263697
0.262913
0.260234
0.264271
0.265612
0.263756
0.264676
0.260477
0.264389
0.262034
0.263049
0.261642
0.262916
0.26476
0.264269
0.264758
0.259974
0.262728
0.263533
0.258468
0.263865
0.262569
0.264416
0.263081
0.261566
0.26275
0.262635
0.261019
0.262523
0.264769
0.264163
0.265512
0.263683
0.264341
0.264747
0.260074
0.262906
0.264555
0.263892
0.264747
0.263493
0.263492
0.261746
0.263941
0.262111
0.263495
1.06488e-05
0.261621
0.263502
0.261807
0.26305
0.260932
0.261944
0.263065
0.263489
4.2595e-05
0.262779
0.264826
0.2624
0.262496
0.263772
0.262196
0.262911
0.260948
0.260183
0.26537
0.26211
0.26197
0.263041
0.264843
0.264187
0.261874
0.26682
0.261915
0.262425
0.264033
0.263964
0.261302
0.260627
0.263248
0.262402
0.260917
0.261639
0.262515
0.263692
0.265837
0.26063
0.265989
0.263597
0.262785
3.19459e-05
0.262247
0.261688
0.264388
0.264256
0.262107
0.2639
0.263426
0.264414
0.262643
0.261765
0.263972
0.264137
0.261316
0.263994
0.262244
0.264814
1.77478e-05
0.262715
0.261741
0.260894
0.261032
0.263854
0.262265
0.263001
0.264933
0.262867
0.262072
0.26278
0.263566
0.262439
0.263699
0.261235
0.264007
0.262423
0.263464
0.263531
0.261824
0.264187
0.266428
0.264796
0.262205
0.258622
0.26531
0.259887
0.263186
0.261303
0.259409
0.265257
0.262997
0.262747
0.261623
0.261321
0.263372
0.26219
0.261184
0.259819
0.258031
0.266588
0.264324
0.262622
0.26522
0.260671
0.263283
0.263104
0.260725
0.260985
0.266051
0.262393
0.263971
0.264023
0.263268
0.266608
0.263848
0.261018
0.264451
0.262676
0.263673
0.261971
0.262305
0.262769
0.263459
0.261787
0.261997
0.263794
0.262742
0.265363
0.262421
0.262447
0.264438
0.262765
0.262413
0.262774
0.259847
0.26231
0.263038
0.263477
0.265076
0.263656
0.26306
0.260847
3.72713e-05
0.262589
0.263496
0.263609
0.262346
2.83972e-05
0.262427
0.263466
0.263525
0.262228
0.2621
0.261174
0.262711
2.12966e-05
0.261037
0.260254
0.263308
0.262717
0.264376
0.260175
0.262975
0.264416
0.261172
0.2645
0.259679
0.263254
0.263683
0.261251
0.26475
0.261023
0.264537
0.262784
0.264615
0.262934
0.26277
0.262655
0.265574
0.263503
0.264852
0.264465
0.263328
0.263422
0.260621
0.261933
0.262661
0.264862
0.264012
0.263092
4.96929e-05
0.262684
0.260899
0.261681
0.262274
0.260762
0.262868
0.264447
0.261725
0.260918
0.263371
0.263833
0.260702
0.265278
0.261214
0.26529
0.263489
0.263779
0.26171
0.264273
0.263518
0.260673
0.2623
0.262114
0.261366
0.263581
0.262611
0.260214
0.262791
0.264535
0.262554
0.260474
0.262599
0.264704
0.261915
0.258251
0.263102
0.263619
0.261733
0.263456
0.262007
0.261966
0.266107
0.257227
0.260365
0.26395
0.263742
0.263313
0.261693
0.262213
0.263234
0.265894
0.259173
0.264833
0.265079
0.264949
0.263229
0.260162
0.265444
0.261144
0.264941
0.266068
0.260974
0.259194
0.260497
0.262599
0.260612
0.264554
0.260826
0.263429
0.262284
0.260592
0.266477
0.260917
0.263561
0.26308
0.266079
0.26337
0.263466
0.2617
0.261205
0.262231
0.261562
0.262846
0.263377
0.262154
0.263326
0.266623
0.260593
0.261993
0.265001
0.264405
0.263232
0.26297
0.263922
0.261616
0.263129
0.261952
0.262286
0.264211
0.263724
0.262464
0.25812
0.263593
0.259973
0.261519
0.263048
0.262586
0.264052
0.263949
0.261782
0.264594
0.263515
0.261156
0.265272
0.264683
0.26258
1.59726e-05
0.262601
0.259934
0.261921
0.264505
0.262027
0.262202
0.262042
0.262313
0.263431
0.261643
0.265637
0.261082
0.263725
0.261423
0.263263
0.261867
0.263436
0.262975
0.263909
0.263196
0.26182
0.263055
0.262124
0.264047
0.260339
0.262928
0.264099
0.263168
0.265862
0.261907
0.265136
0.263798
0.260191
1.4198e-05
1.9522e-05
0.261288
0.263069
0.264588
6.3891e-05
0.262593
0.262729
0.263672
0.263854
0.259325
0.265007
0.261565
0.261173
0.264447
0.266271
0.262224
0.263292
0.265316
0.26292
0.262031
0.261648
0.265369
0.261314
0.265896
0.263281
0.265577
0.261212
0.26521
0.259022
0.263847
0.263283
0.260284
0.263014
0.265938
0.262202
0.259739
0.261466
0.264825
0.263105
0.262557
0.26336
0.264524
0.265765
0.263969
0.262481
0.263678
0.262849
0.261838
0.260571
0.26239
0.260864
0.263157
0.265936
0.26413
0.265408
0.26242
0.262663
0.264579
0.265621
0.264365
0.262837
0.261999
0.265206
0.262647
0.264666
0.26171
0.264578
0.263327
0.265086
0.265619
0.263716
0.262894
0.232426
0.262577
0.260898
0.265871
0.264009
0.261488
0.26457
0.261918
0.26399
0.26041
0.262789
2.3072e-05
0.266024
0.265689
0.26406
0.26347
0.262699
0.263668
0.261799
0.262062
0.263654
0.261608
0.260117
0.263683
0.261684
3.19445e-05
0.26295
0.26402
0.259295
0.263143
0.262706
0.262024
0.262427
0.262376
0.263878
0.264458
2.83962e-05
0.265854
0.265646
0.2663
0.263408
0.261219
0.264096
0.263967
0.262487
0.261306
0.264314
0.263027
0.263867
0.262653
0.262269
0.265636
0.263609
0.263884
0.26077
0.264314
0.26403
0.265421
0.261428
0.266289
0.259183
0.262866
0.264858
0.263825
5.32434e-05
0.265163
0.264679
0.262229
0.263718
0.260843
0.263186
0.259906
0.264678
0.264042
0.263921
0.263168
0.263938
0.261642
0.262332
0.262033
0.25941
0.264368
0.263053
0.264368
0.260839
4.96931e-05
0.264216
0.263519
0.265468
0.263478
0.264867
0.264233
0.264637
0.260144
0.262602
0.265471
0.264482
0.263153
0.266395
0.264141
0.262568
0.260637
0.262874
0.261927
0.26197
0.262565
0.262439
0.262357
0.265803
0.262318
0.262744
0.262506
0.261107
0.261908
0.26122
0.261375
0.264781
0.262872
0.264881
0.263387
0.263362
0.263468
0.26393
0.265662
0.263151
0.263242
0.261306
0.262857
0.263939
0.263459
0.26325
0.260046
1.77464e-05
0.262575
0.26436
0.263738
0.26325
0.260086
0.263538
0.264724
0.265575
0.261389
0.26387
0.262632
0.265982
0.265375
0.263769
0.2634
0.263195
0.261531
0.261015
0.260113
0.262235
0.262208
0.263053
0.263974
0.260977
0.261057
0.264267
0.262727
0.262448
0.260089
0.261518
0.263633
0.260236
0.266292
0.261502
0.262803
0.265795
0.264368
0.264045
0.262062
3.5495e-05
0.262491
0.261479
