0.248585
0.248777
0.25332
0.2517
0.251181
0.25156
0.250769
0.247891
0.249636
0.253621
0.250659
0.249318
0.2516
0.249255
0.249208
0.249519
0.250776
0.251604
0.248966
0.251846
0.253963
0.252505
0.249924
0.25283
0.249399
0.250506
0.254568
7.98665e-05
0.252073
0.252822
0.253702
0.253545
0.250417
0.250644
0.24987
0.25358
0.250797
0.252104
0.248377
0.250631
1.95223e-05
0.251829
0.251645
0.249782
0.251341
0.250403
3.90443e-05
0.251903
0.250593
0.245095
0.249872
0.252926
0.248629
0.251589
0.254109
0.251394
0.249897
0.251261
0.251113
0.250826
0.250338
0.253919
0.250564
0.255984
0.249452
0.253768
0.251561
0.25082
0.251512
0.250379
0.251441
0.252982
0.252165
0.252059
0.249983
0.250401
0.248083
0.252318
0.252692
0.250201
0.251664
0.250359
0.249717
0.253607
0.251409
0.249633
0.252655
0.251755
0.252989
0.250114
0.25037
3.01709e-05
0.249048
0.252178
0.252242
0.25111
0.251366
0.249106
0.247881
0.249972
0.246912
0.24998
0.252899
0.252619
0.252267
0.249828
0.249079
0.250841
0.254672
0.250801
2.48483e-05
0.252231
0.251768
0.251158
0.252079
0.252312
2.66221e-05
0.252155
0.255457
0.250171
0.251829
0.253947
0.226923
0.249799
0.249084
6.21125e-05
0.251091
0.250312
0.249483
0.251663
0.252169
0.252319
0.248933
0.249566
0.251029
0.250562
0.252146
0.239617
0.25296
0.251684
0.242542
0.252877
0.248382
0.248406
0.253161
0.251097
0.249313
0.249701
0.250051
0.252617
0.252043
0.253591
0.250033
0.253108
0.253395
0.249508
0.249655
0.249202
0.250098
0.246211
0.249565
0.251539
0.251759
0.250881
0.24895
0.249823
0.246749
0.199837
0.251834
0.249315
0.252063
0.250734
0.251548
0.25
0.25015
0.250089
0.25065
0.250532
0.253699
0.250836
0.252007
0.247652
0.250883
0.24954
0.251173
0.253761
0.252678
0.248194
0.249707
0.249323
0.253672
0.249968
0.251115
0.252923
0.251187
0.250935
0.250105
0.25008
0.251881
0.250411
0.252491
0.253363
0.254887
0.251289
0.251741
0.252791
0.250857
0.249547
0.251217
1.2423e-05
0.250552
0.252011
0.249872
0.252731
0.253446
0.251127
0.251223
0.248901
0.253758
0.249577
0.250124
0.25035
0.252539
0.250504
0.248686
0.253116
0.252548
0.250619
0.253279
0.249443
0.253488
0.253908
0.25186
0.254042
0.251084
0.249145
0.252837
0.251908
0.249077
0.25074
0.252576
0.251915
0.250249
0.253801
0.251948
0.252731
0.250252
0.253129
0.253225
0.253283
0.250684
0.252194
0.248504
0.249631
0.250962
0.252497
0.251832
0.251756
0.250854
0.250103
0.253484
0.251907
0.251263
1.41988e-05
0.250358
0.252081
0.250336
0.250473
0.250959
0.253276
0.251286
0.249691
0.251116
0.249476
0.250906
0.2544
0.250935
0.251813
0.25011
0.249993
0.247833
0.252324
0.248219
0.248092
0.250673
0.250391
0.249208
0.251879
0.251324
0.25059
0.251449
0.254266
0.251551
0.250404
0.251646
0.253883
0.250118
0.251915
0.253495
0.251612
0.251055
0.251683
0.251944
0.253456
0.249222
0.25355
0.253486
0.254186
0.251434
0.252223
0.250389
0.253804
0.252711
0.251293
0.251022
0.249925
0.25234
0.250631
0.251261
0.248162
0.251555
0.25132
0.252152
0.251414
0.250385
0.251449
0.24969
0.250679
0.249165
0.250706
0.254877
2.83957e-05
0.250729
0.251328
0.252061
0.252118
0.25387
0.251953
0.25146
0.253117
0.249282
0.248785
0.250615
0.253107
0.252478
0.253376
0.251575
0.249933
0.252593
0.252618
0.250275
0.252923
0.248799
0.247244
0.249023
0.249696
0.249642
0.249845
0.253508
0.250792
0.250006
0.252448
0.25073
0.252359
0.25037
0.253602
0.253933
0.251157
0.249106
0.253548
0.249784
0.250541
0.249951
0.251076
0.251245
0.251406
0.251557
0.254656
0.248478
0.251777
0.250509
0.252203
0.250975
0.252503
0.249977
0.249794
0.2477
0.251721
0.25146
0.251474
0.243908
0.250956
0.25082
0.251134
0.251457
0.252161
0.250867
0.248924
0.249917
0.253165
0.250535
0.251343
0.250898
0.252218
0.246767
0.2505
0.253072
0.251429
0.24976
0.246845
0.252953
0.252285
0.250664
0.249692
0.250585
0.251371
0.251144
0.252008
0.250104
0.25029
0.245655
0.251777
0.252579
0.251667
0.250951
0.254264
0.250869
0.253722
0.251729
0.249003
0.250469
0.250488
0.24999
0.2508
0.251874
0.248079
0.250706
0.252091
0.250836
1.95222e-05
0.250887
0.25078
0.250455
0.25132
0.251734
0.249531
0.251686
2.83959e-05
0.252597
0.253572
0.25001
0.252933
0.252972
0.251703
0.251222
0.249499
0.250064
0.249839
0.251438
0.252226
0.250118
0.250656
0.25162
0.253276
0.253921
0.251386
0.251775
4.43684e-05
0.252134
0.253353
0.253501
0.254309
0.24833
0.247296
0.247612
0.252093
0.252
0.255322
0.254032
0.25287
0.251241
0.249998
0.253056
0.251558
0.249011
0.251
0.249696
0.251845
0.248095
0.251682
0.251311
0.252687
0.250404
0.250362
0.248472
0.249297
0.245488
0.255077
0.251435
0.248684
0.247903
0.25106
0.251791
0.25003
0.251775
0.24958
0.248112
0.251969
0.248604
0.241735
0.252544
0.252566
0.250043
0.250899
0.248976
0.251857
0.249462
0.253637
0.251458
0.254902
0.250875
0.253233
0.251344
0.248249
0.251578
0.251687
0.247839
0.252209
0.249706
0.250848
0.25
0.248313
0.252506
0.253699
0.25081
0.248589
0.250802
0.251678
0.252154
0.253224
0.252335
0.249798
0.249038
0.249234
0.252011
0.249495
0.250153
0.251958
0.251836
0.250652
0.251519
0.25283
0.248846
0.249764
0.249774
0.252343
0.251542
0.252689
0.251603
0.250206
0.250225
0.251426
0.24959
0.250026
0.249203
0.24944
0.24893
0.250715
0.250392
0.253949
0.25063
0.249645
0.248907
0.251291
0.25132
0.252127
0.2506
0.250643
0.250652
2.12973e-05
0.251548
0.252813
0.249828
0.251961
0.251156
3.01713e-05
0.251275
0.253628
0.249424
0.251298
0.250675
0.250061
0.251495
0.252166
0.251184
0.247642
0.249683
0.252004
0.255899
0.251631
0.252269
0.251247
0.252969
0.250327
0.250482
0.253389
0.251644
0.249377
0.249796
0.247204
0.249469
0.251528
0.248156
0.246718
0.251284
0.249879
0.251562
0.250233
0.249854
0.251652
0.254283
0.249788
0.250044
0.251172
0.250118
0.249871
0.251308
0.248767
0.2492
0.250657
0.251618
0.253941
0.248228
0.251139
0.249959
0.250523
0.247846
0.250344
0.249513
0.249338
0.251895
0.25136
0.244226
0.251332
0.2533
0.249271
0.252499
0.254008
0.251335
0.25193
0.249051
0.254362
0.252418
4.25959e-05
0.249103
0.252237
0.251863
0.252822
0.250413
1.77483e-05
0.250902
0.25505
0.253316
0.24971
0.251478
0.252617
0.251287
0.248623
0.251378
0.247844
0.252104
0.251091
0.248311
0.252875
0.251275
0.250873
0.247719
0.257077
0.251162
0.251636
0.248658
0.25031
0.25059
0.249856
0.252435
0.248846
0.251678
0.250192
0.254864
0.2516
0.252278
0.256156
0.253697
0.255581
0.250701
0.251235
0.251868
0.251333
0.251053
0.248902
0.251885
2.66203e-05
0.252824
0.251536
0.249289
0.249827
0.248796
0.249389
0.251329
0.254456
0.251842
0.252129
0.252625
0.252092
0.252808
0.250567
0.250497
0.249622
0.251916
0.250992
0.248889
0.248749
0.254
0.250658
0.250559
0.252858
0.25222
0.252447
0.249319
5.50223e-05
0.2497
0.253291
0.250203
0.231177
0.25075
0.252061
0.25084
0.249219
0.245436
0.249851
0.251894
0.247824
0.249006
0.248443
0.251617
0.252191
0.25174
0.253552
0.249977
0.251798
0.251682
0.252157
0.248556
0.246421
0.24986
0.251038
0.256628
0.249602
0.250243
0.249909
0.252716
0.249829
0.249017
0.251691
0.251179
0.249783
0.252861
0.25263
0.250374
0.250709
0.252758
0.252451
0.249445
0.249894
0.253147
0.24978
0.255844
0.252265
0.251878
0.251737
0.252379
0.247743
0.253552
0.24979
0.248413
0.252889
2.12969e-05
0.252379
0.247999
0.251685
0.251576
0.251468
0.249761
0.249852
0.251502
0.253068
0.236902
0.252354
0.253097
0.251268
0.249306
0.251534
0.252161
0.249813
0.249145
0.251107
0.250457
0.253079
0.249129
0.250385
0.252393
0.250358
0.251145
6.03429e-05
0.251449
0.251874
0.249015
0.251068
0.252398
0.250516
0.253889
0.251735
0.249157
0.253721
0.251408
0.252225
0.251647
0.249319
0.251621
0.250533
0.250915
0.251577
0.247985
0.249409
0.248593
0.249982
0.251803
0.254168
0.25199
0.25344
0.249375
0.252221
0.250591
0.25128
0.253928
0.25204
0.250192
0.249247
0.251492
0.251265
3.37192e-05
0.248443
0.252946
0.248664
0.25071
0.249361
0.248884
0.250251
0.251227
0.251492
0.253439
0.25223
0.251603
0.253612
0.251047
0.251223
0.252375
0.25481
0.247288
0.250197
0.249244
0.254453
0.253558
0.250874
0.252213
0.24867
0.252866
0.249551
0.249823
0.24997
0.250824
0.253418
0.252019
0.248449
0.252362
0.251723
0.252828
0.254334
0.25342
0.248895
0.250997
0.254724
0.252637
0.252095
0.251987
0.250774
0.248817
0.253696
0.254141
0.251404
0.253138
0.25177
0.25138
0.253987
0.250611
0.252208
0.250963
0.253501
0.250534
0.251389
0.249944
0.251137
0.24999
0.252801
0.247411
0.253707
0.251803
0.252179
3.0172e-05
0.25213
0.253569
0.253738
0.249998
0.251189
0.252886
0.25046
0.249252
0.249061
0.252331
0.250887
0.252613
0.251446
0.250235
0.254754
0.249309
0.251018
0.250689
0.252555
0.250271
0.24931
0.251357
0.251266
0.252379
0.254067
0.249054
0.249895
0.250896
0.252181
0.253457
0.252492
0.251592
0.248508
0.251498
0.255155
0.251758
0.249671
0.247168
0.245783
0.249834
0.250075
0.250486
0.254284
0.2492
0.253757
0.25234
0.251655
0.249277
0.249205
0.251758
0.249533
0.250409
0.25018
0.250659
3.01701e-05
0.251558
0.250236
0.243363
0.250831
0.250938
0.249708
0.249834
0.249232
0.251426
0.252278
0.252171
0.24839
0.249012
0.251341
0.253878
0.250516
0.25408
0.252451
0.251223
0.253223
0.250688
0.251983
2.4846e-05
0.252557
0.252974
0.248229
