0.252775
0.254311
0.253797
0.257114
0.252853
0.253143
0.253333
0.251311
0.252905
0.254805
0.25198
0.253573
0.25405
0.251154
0.253277
0.252497
0.252205
0.252976
0.252249
0.255427
0.250504
0.251744
0.250221
0.25354
0.251932
2.83966e-05
0.253249
0.253557
0.251455
0.252745
0.253819
0.249338
0.254841
0.253997
0.25232
0.251904
0.253165
0.258655
0.253117
0.254866
0.252674
0.255311
0.254213
0.251695
0.253283
0.254994
0.252501
0.253738
0.251193
0.246813
0.253244
0.25345
0.251652
0.253797
0.255717
0.253273
0.242168
0.256008
0.254887
0.251882
0.254689
0.254984
0.252156
0.255496
0.253164
0.251908
0.253311
3.72703e-05
0.252486
0.250021
0.252066
2.83966e-05
0.254156
0.256246
0.255087
0.25555
0.252926
0.252977
0.253574
0.252833
0.251566
0.253449
0.252413
0.256489
0.253947
0.252242
0.256487
0.253388
0.253873
0.252464
0.25134
3.54952e-05
0.252734
0.255275
0.250987
0.252459
0.25451
0.253621
0.251598
0.251415
0.250836
0.25208
4.79173e-05
0.250799
0.255242
0.250119
0.252231
0.253021
0.254158
0.25155
0.254628
0.25297
0.253522
0.252443
0.253204
0.253072
0.253709
0.254507
0.254117
0.250781
0.250792
0.252366
0.253551
0.253797
0.253102
0.252035
0.250859
0.253244
0.252315
0.25391
0.254471
0.256344
0.253803
0.249228
0.25306
0.254442
0.252778
0.252502
0.256273
0.253241
0.252923
0.253638
0.250301
0.252767
0.252841
0.251514
0.253924
0.25454
0.255923
0.253501
0.253125
0.254677
0.253052
0.256171
0.255922
0.251479
0.25313
0.24998
0.253828
0.254505
2.6622e-05
0.252728
0.251977
0.252887
0.254363
0.254632
0.25462
0.251263
0.255138
0.249851
0.254982
0.252553
0.252029
0.252094
0.255829
0.250968
0.253449
0.251726
0.255731
0.252238
0.255157
0.254803
0.257452
0.25017
0.252985
0.255062
0.256359
0.249411
0.25274
0.254126
0.253978
3.01705e-05
0.25398
0.253228
0.251754
0.250104
0.254778
0.254203
0.253943
0.250686
0.253727
0.253372
0.255333
0.256827
0.232622
0.253157
0.255363
0.251361
0.253694
0.255144
0.254105
0.254816
0.255693
0.253136
0.256884
0.252187
0.253517
0.250481
0.252702
0.254179
0.250898
0.252554
0.253945
0.253318
0.255292
0.25435
0.254341
0.254666
0.255721
0.252327
0.256746
0.2547
0.255296
0.256077
0.247368
0.252405
0.253979
0.253899
0.253013
0.255001
0.256396
0.255344
0.253422
0.254683
0.252793
0.256593
0.254886
0.251312
0.252518
0.253499
0.253989
0.255912
0.251548
0.250787
0.253016
0.252179
0.256118
0.254502
0.252689
0.252712
0.254396
0.251514
0.253121
0.253957
0.253572
0.253163
0.254363
0.253135
0.252493
0.255638
0.253001
0.253191
0.253043
0.254243
0.253859
0.256104
0.250626
2.30723e-05
0.253859
0.253074
0.253844
0.253623
0.249657
0.253847
0.254064
0.250418
0.25139
0.252538
6.0342e-05
0.250558
0.253041
0.254816
0.254526
0.252292
0.250894
0.255559
0.253643
0.254838
0.253921
0.253115
0.251067
0.223308
0.253706
0.254603
0.251576
0.250088
0.253252
0.256879
0.252038
0.25392
0.253826
0.252352
0.252117
0.252496
0.253006
0.251995
0.253111
0.251458
0.253096
0.250927
0.253468
0.251711
0.256254
0.253387
0.253688
0.253667
0.253095
0.25061
0.255525
0.25406
0.25424
0.250159
0.254066
0.256033
0.255602
0.251801
0.257697
0.253416
0.253995
0.257197
0.248517
0.251238
0.254931
0.253941
0.252019
0.254258
0.252556
0.252638
0.255846
0.254528
0.252313
0.255881
0.253187
0.249906
0.25225
0.252284
0.255056
0.252678
0.254577
0.252109
0.249903
0.254341
0.254919
0.254087
0.250521
0.252836
0.256957
0.251309
0.255841
0.253246
0.255971
0.255462
0.253174
0.253394
0.251973
6.56677e-05
0.255949
0.256862
0.250465
0.253672
0.25358
0.25196
0.253078
0.253351
0.25118
0.25414
0.252964
0.252758
0.252919
0.25193
0.252256
0.254253
0.254394
0.253747
0.252892
0.25341
0.256491
3.90443e-05
0.255427
0.252849
0.255194
0.253052
0.254227
0.253631
0.250819
0.254189
0.25309
0.2543
0.251515
0.250013
0.25325
0.255111
0.25278
0.252336
0.238618
0.252597
0.255501
0.253362
0.252154
0.252118
0.252191
0.254581
0.252579
0.253564
0.251908
0.252539
0.24884
0.257311
0.253488
0.251328
0.253786
0.253104
0.254103
0.253024
0.254991
0.251833
0.252268
0.250675
0.254022
2.66212e-05
0.252875
0.251424
2.12969e-05
0.254842
0.25339
0.255982
0.253007
0.255519
0.246467
0.256895
0.250773
0.256304
0.252415
0.25395
0.253476
0.251916
0.254904
0.251548
0.253752
0.252897
0.25581
0.252624
0.254591
0.254756
0.252688
0.253416
0.256345
0.252241
0.254604
0.252206
0.252982
0.255338
0.253018
0.254444
0.253518
0.254018
0.252111
0.255241
0.253695
0.252842
0.254171
0.255022
0.253681
0.252427
0.252216
0.252512
0.253378
0.251751
0.253847
0.248988
0.254555
0.253917
0.253268
0.253514
0.252356
0.252135
6.74403e-05
0.255115
0.252187
0.253166
0.252659
0.255241
0.253069
0.252549
0.253905
0.252963
0.249725
0.254088
0.25071
0.252316
0.255181
0.255601
0.253603
0.252228
0.252731
0.251731
0.249946
0.254936
0.252939
0.254382
0.254448
0.258531
0.254097
0.25406
0.254065
0.251754
0.251763
0.255297
0.250859
0.255331
0.252793
0.251314
0.254978
0.255151
0.254957
0.252181
0.255537
0.253712
0.256376
0.253146
0.253484
0.254105
0.253809
0.251788
0.255198
0.253891
0.254794
0.255483
0.253767
0.255815
0.253459
0.257044
0.252978
0.252037
0.25475
0.254143
0.25367
0.253944
0.254087
0.252091
0.255066
1.4198e-05
0.255294
0.249302
0.252697
0.252792
0.255282
0.239194
0.252017
0.250565
0.252422
0.255199
0.25142
0.250988
0.254632
0.254065
0.254583
0.251213
0.253715
0.250768
0.25278
0.251599
0.251676
0.256011
0.25257
0.253421
0.256046
0.253133
0.252427
0.254915
0.252707
0.254256
0.255616
0.253135
0.251798
0.25092
0.251591
0.25285
0.25578
0.253209
0.255833
0.250516
0.252
0.248523
0.2517
0.250733
0.25015
0.252999
0.253561
0.251004
0.25024
0.254859
0.254627
0.236066
6.0342e-05
0.251861
0.254957
0.251641
0.254177
0.254093
3.19456e-05
0.252276
0.2526
0.253057
0.253363
0.253582
0.254649
0.254015
0.252483
0.253062
0.253712
0.253263
0.250001
0.254675
0.254953
0.252539
0.252267
0.252724
0.252504
0.253945
0.254974
0.25425
0.255666
0.253157
0.247038
0.248268
0.253435
0.25517
0.241384
0.251692
0.254886
0.256262
0.255128
0.254466
0.252427
0.256076
0.253322
0.2558
0.253081
0.253449
0.255239
0.25466
0.255595
0.253763
0.251907
0.250065
0.251044
0.253443
0.253636
0.251164
0.252588
0.250993
0.252118
0.251471
0.250652
0.251299
0.25252
0.256066
0.253149
0.252426
0.252995
0.254285
0.252924
0.254625
0.254656
0.253781
0.252809
0.251986
0.255281
0.25086
0.254805
0.254632
0.253273
0.256898
0.252412
0.226287
0.253001
0.25607
0.254835
0.234744
0.252056
0.253944
0.252722
0.251231
0.253381
0.251474
0.248337
0.250675
0.252456
0.255741
0.255519
0.253068
0.253917
0.255597
0.251977
0.254781
0.253506
0.254385
0.254983
0.25295
0.252033
0.252547
0.254481
0.256194
0.251771
0.254782
0.254884
0.253144
0.251207
0.256544
0.251761
0.255532
0.252347
0.253403
0.253747
0.255142
0.254098
0.25296
0.253997
0.252529
0.252478
0.251221
0.253011
0.253112
0.251489
0.254233
0.254635
0.25598
0.253562
0.253037
0.250324
0.254042
0.251395
0.251073
2.66218e-05
0.253631
0.256612
0.251381
0.254191
0.254425
0.252981
0.253726
0.254432
0.255094
0.252029
0.254047
0.255385
0.254426
0.254559
0.252954
0.252261
0.252229
0.253172
0.252785
0.250013
0.252101
0.255817
0.253708
0.254819
0.255888
0.253607
0.248524
0.253456
0.254063
0.25222
0.253285
0.253547
0.253133
0.252296
0.254308
0.254727
0.253479
0.253039
0.254346
0.25313
0.252299
0.252785
2.83951e-05
0.256128
0.254199
0.254353
0.252489
0.251934
0.252835
0.252537
0.253412
0.253281
0.254419
0.251856
0.255262
0.253096
0.255265
0.25329
0.246284
0.252411
0.256676
0.255684
0.256532
0.252202
0.256831
0.255247
0.252544
0.254091
0.251422
0.252505
0.252399
0.252753
0.251475
0.253888
0.257517
0.255359
0.253829
0.253563
0.251885
0.252207
0.251846
0.25225
0.253691
0.25565
0.255541
0.252857
0.254945
0.253901
0.253096
0.254782
0.254009
0.252717
0.25119
0.253822
0.252591
0.250745
0.256332
0.253784
0.253078
0.254551
0.252314
0.254053
0.253435
0.252588
0.25398
0.256559
0.25223
0.250047
0.252877
0.251682
0.256066
0.254548
0.255658
0.255341
0.252495
0.252792
0.254102
0.256652
0.253362
0.252497
0.23787
0.255516
0.249395
0.254025
0.248657
0.255211
0.255721
0.254816
0.248746
0.255966
0.251615
0.254048
0.253569
0.254393
0.251023
0.255285
0.25497
0.252678
0.253308
0.25263
0.249754
0.250551
4.43682e-05
0.254254
0.252011
0.256702
0.255234
0.254662
0.253845
0.253992
0.25361
0.25414
0.255409
0.256439
0.250368
0.252482
0.253805
0.254194
0.254156
0.250586
0.255464
0.251975
0.253244
4.08209e-05
0.252616
0.254272
3.19451e-05
0.254584
0.254808
0.256652
0.250801
0.251509
0.253641
0.251721
0.251471
0.252493
0.253313
0.253666
0.254564
0.253437
0.255093
0.252005
0.2519
0.253872
0.253759
0.252054
0.252185
0.254408
0.254399
0.250909
0.253966
0.238558
0.255022
0.255636
0.253921
0.253846
0.250038
0.251088
0.254613
0.251786
0.25341
0.251502
0.251324
0.253483
0.256055
0.25714
0.255502
0.250339
0.253447
0.252838
0.255707
0.253643
0.251418
0.253293
0.255508
0.253847
0.252503
0.252877
0.253905
0.252282
0.251899
0.250441
0.253712
0.253428
0.252198
0.253034
0.252765
0.25407
0.255958
0.253988
0.254884
0.250888
0.253158
0.252268
0.250704
0.254277
0.253106
0.252444
0.25742
0.25212
0.253069
0.25221
0.255168
0.255068
0.251732
