0.261769
0.26092
0.26121
0.263573
0.259937
0.26406
0.263709
0.26046
0.261336
0.263423
0.262414
0.259531
0.26177
0.260875
0.260078
0.261516
0.260694
0.262845
0.260856
0.263552
0.264013
0.262392
0.256531
0.263387
0.257217
0.259829
0.263289
0.262294
0.261028
0.261839
0.261475
0.262188
0.263438
0.260121
0.263696
0.264736
0.259243
0.258364
0.259769
0.26141
0.260749
0.262059
0.262812
0.26239
0.261914
0.262752
0.26119
0.262608
0.259753
0.260896
0.261525
0.261798
0.26043
0.259812
0.263639
0.262621
0.262153
0.265086
0.26233
0.26162
0.263015
0.262674
0.25985
0.264657
0.261519
0.262698
0.262806
0.261448
0.255215
0.261584
0.26247
0.264839
0.26223
0.263356
0.262903
0.262198
0.261748
0.263409
0.26174
0.260605
0.262587
0.261872
0.261895
0.263578
0.260977
0.260075
1.41983e-05
0.261783
0.263128
0.262027
0.260972
0.261392
0.262803
0.263522
0.261783
0.261079
0.261716
0.262217
0.260974
0.262149
0.260487
0.260611
0.260523
0.261128
0.261681
0.259571
0.260331
0.261848
0.263275
0.26034
0.260218
0.26238
0.264089
0.26347
0.261863
0.261622
0.261591
0.260128
0.265253
0.258914
0.26302
0.261902
0.261571
0.262829
0.262568
0.259948
0.261715
0.260386
0.263115
0.262931
0.262157
0.263235
0.260743
0.261788
0.262857
0.262279
0.260456
0.259434
0.263046
0.262416
0.258317
0.262287
0.260133
0.259595
0.261988
0.263089
0.262295
0.261236
0.257061
0.263017
0.262196
0.262761
0.264391
0.263638
0.262329
0.258781
0.258426
0.259407
0.264614
0.260145
0.260446
0.260642
0.260832
0.264521
0.259955
0.26042
0.262541
0.260243
0.263592
1.41984e-05
0.263265
0.262137
0.260855
0.262329
0.262481
0.261856
0.26071
0.259848
0.260686
2.66209e-05
0.262915
0.257986
0.262837
0.260313
0.260625
0.261864
0.260606
0.260042
5.50184e-05
0.260423
0.263726
0.260643
0.261792
0.262317
0.25829
0.259798
0.262947
0.262743
0.26226
0.259363
0.26246
0.263733
0.262957
0.261067
0.260895
0.263172
0.26443
0.260454
0.264419
0.260438
0.261974
0.260946
0.262085
0.260411
0.265771
0.263237
0.262293
0.259906
0.260531
0.263065
0.256772
0.261277
0.260886
0.261012
0.263631
0.260778
0.260412
0.262164
0.263386
0.260356
0.263178
0.264995
0.262291
0.263597
0.261079
0.261272
0.258964
0.261666
0.260575
0.262067
0.262927
0.262331
0.261512
0.260252
0.26334
0.261698
0.26089
0.263216
0.262242
0.262707
0.263351
0.251078
0.263043
0.262445
0.264978
0.264152
0.263098
0.26189
0.263087
0.259325
0.264703
0.263155
0.260762
0.261129
0.261174
0.26143
0.261123
0.263315
0.260516
0.264405
0.262141
0.261594
0.263225
0.261176
0.261746
0.262575
0.261315
0.260952
0.259662
0.263861
0.260806
3.19469e-05
0.259677
0.260852
0.260864
0.26018
0.260603
0.262945
0.260986
0.26137
0.263455
0.260856
0.263359
2.12974e-05
0.259592
0.264328
0.262069
0.264234
0.261884
0.262699
0.262564
0.26173
0.261086
0.262549
0.263733
0.260609
0.264321
0.263747
0.26428
0.261928
0.26215
0.260042
0.265589
0.263088
0.262497
0.261073
0.260495
0.261356
0.259588
0.260707
0.261747
5.32413e-05
0.260334
0.261697
0.262996
0.262432
0.261342
0.259397
0.260583
0.262334
0.26298
0.262057
0.261239
0.264198
0.261411
0.262768
0.257817
0.260153
0.262054
0.25949
0.260028
0.263748
0.260355
0.262102
0.261893
0.264301
0.261146
0.261268
0.264432
0.261215
0.260205
0.262352
0.262582
0.261786
0.261205
0.259216
0.259046
0.262988
0.264205
0.263051
0.262976
0.263002
0.263237
0.262221
0.260348
0.261163
0.265348
0.260022
0.261501
0.263364
0.262421
0.261214
0.261785
0.261248
0.259562
0.260766
0.264166
0.263386
0.262594
0.261048
0.259843
0.261386
0.260476
0.26416
0.26284
0.264929
0.263396
0.26052
0.26058
0.260408
0.262142
0.262835
0.262549
0.263247
0.261984
0.262566
0.262302
0.259597
0.264715
0.263217
0.261555
0.262436
0.262213
0.260799
0.258386
0.26185
0.259669
0.263827
0.259988
2.83975e-05
0.260693
0.261653
0.263324
0.260917
0.260873
0.261416
0.263464
0.261636
0.261736
0.260037
0.262229
0.261953
0.264049
0.260519
0.260413
0.263083
0.25887
0.263476
0.261462
0.260546
0.26343
0.261998
0.261892
0.260972
0.262706
0.259677
0.261264
0.261005
0.262796
0.260157
0.262849
0.263063
0.263084
0.260218
0.264172
0.262948
0.263497
0.265157
0.261981
0.264081
0.262608
0.264338
0.262694
0.261183
0.261801
0.262851
0.262362
0.262859
0.260712
0.261786
1.59735e-05
0.259086
0.258698
0.262984
0.260857
0.261718
0.263925
0.260128
0.262527
0.260658
0.262879
0.262833
0.263886
0.259428
0.262183
0.262654
0.258307
0.262989
0.263281
0.259533
0.259877
3.37195e-05
0.261296
0.261203
0.260949
0.261806
0.263182
0.261015
0.261568
0.261606
0.259869
0.263856
0.260731
0.262725
0.261284
0.259692
0.258415
0.262492
0.259799
0.261976
0.260944
0.262033
0.26042
0.260129
0.262502
0.261785
0.260589
0.263446
0.26063
0.259992
0.260919
0.265589
0.261502
0.259402
0.259969
0.263058
0.259711
0.261322
0.263994
0.263698
0.261261
0.263018
0.262806
0.261616
0.264198
0.262641
0.262733
0.259786
0.261432
0.262031
0.263066
0.263844
0.264409
0.261602
0.261957
0.260723
0.263343
0.26039
0.264019
0.262799
0.261446
0.262775
0.261331
2.12976e-05
0.26103
0.262193
0.261377
0.262269
0.262009
0.263837
0.262185
0.265273
0.26145
0.261597
0.260497
0.261655
0.261772
0.259907
0.262463
0.260108
0.261097
0.260415
0.261584
0.260172
0.262397
0.262367
0.261724
0.261193
0.260332
0.26213
0.259631
0.259907
0.259433
0.260849
0.261876
0.263927
0.261625
0.262991
0.257623
0.260803
0.26279
0.26469
0.258269
0.263152
0.262328
0.262496
0.262492
0.26373
0.265748
0.262331
0.262791
2.8397e-05
0.262053
0.261228
0.265554
0.258733
0.258793
0.261491
0.262034
0.262551
0.262199
0.262228
0.262395
0.261651
0.264826
0.263334
0.259617
0.259549
0.262637
0.260128
0.261538
0.263016
0.261064
0.258519
0.262862
0.177407
0.263588
0.260781
0.264838
0.260586
0.263012
0.261139
0.260675
0.261664
0.259756
0.262104
0.261858
0.261039
0.262209
0.263238
0.263332
0.263518
0.260816
0.261169
0.262352
0.259803
0.26031
0.238229
0.262215
0.261119
0.261184
0.260401
0.260486
0.260561
0.262928
0.260507
0.258894
0.262494
0.264349
0.26422
0.2625
0.264048
0.263056
0.264473
0.262494
3.90441e-05
0.260732
0.261791
0.263231
0.264453
0.261119
0.263317
0.263219
0.262291
0.262487
2.83955e-05
0.262012
0.262512
0.262339
0.260383
0.261102
0.260841
0.261515
0.265607
0.2602
0.262833
0.263207
0.264471
0.26168
0.260515
0.261546
0.259125
0.261931
0.259635
0.263751
0.259929
0.26159
0.259307
0.267617
0.261957
0.259941
0.262582
0.261902
0.261285
0.261856
0.260607
0.263243
0.263178
0.261095
0.259684
0.261659
2.3071e-05
0.265291
0.261739
0.26244
0.260628
0.259161
0.259946
0.258769
0.262478
0.261804
0.262992
0.262351
0.263614
0.261259
0.259048
0.260612
0.262074
0.262394
0.263874
0.261584
0.261767
0.261618
0.263208
0.262202
0.260631
0.263623
0.260492
0.259751
0.260838
0.260679
1.24233e-05
0.260168
0.26042
0.261288
0.261732
0.262415
0.262391
0.263494
0.262478
0.261204
0.261766
0.261449
0.259954
0.261448
0.260979
0.261651
0.263159
0.264081
0.264289
0.260397
0.263148
0.258404
0.261652
0.259894
0.260265
0.26413
0.260805
0.259184
0.263914
0.260494
0.261675
0.259898
0.261369
0.259322
0.261902
0.265544
0.262306
0.262229
0.25939
0.264232
0.261958
0.262835
0.2628
0.261584
0.261728
0.264192
0.263757
0.263041
0.258781
0.260986
0.26037
0.261061
0.260678
0.261116
0.2618
0.26236
0.26318
0.260494
0.26071
0.264042
0.261542
0.262202
0.261546
0.262227
0.260917
0.261913
0.260415
0.261289
0.261511
0.262153
0.262031
0.262981
0.261526
0.260452
0.262882
0.258318
0.262602
0.262603
0.263027
0.261139
0.261871
0.263146
0.264193
0.261101
0.262657
0.261509
0.263074
0.260808
0.263717
0.262904
0.261129
0.260836
0.261338
0.261462
0.261617
1.77478e-05
0.259354
0.264302
0.260892
0.261885
0.263006
0.259386
0.262658
0.259052
0.260093
5.14684e-05
0.262643
0.26213
0.262269
0.259392
0.264626
0.260831
0.261437
0.261954
0.262124
0.260056
0.26008
0.263205
0.260534
0.263045
0.262199
0.262966
0.259102
0.26402
0.26173
0.25969
0.261567
0.261824
0.262343
0.262509
0.260074
0.263293
0.263277
0.263379
0.261776
0.263766
0.263396
0.261789
0.252946
0.257784
0.261932
0.263658
0.262522
0.260714
0.261669
0.266491
0.261786
0.260702
0.262062
0.262874
0.262481
0.262732
0.259977
0.26396
0.260311
0.262206
0.26067
0.263604
0.260527
0.260279
0.262551
2.30719e-05
0.262114
0.260423
0.261739
0.259689
0.263634
0.260297
0.262139
0.262738
0.262429
0.261429
0.262304
0.262576
0.259271
0.262581
0.2635
0.264668
0.262557
0.263574
0.262191
0.260945
0.265592
0.262779
0.265316
0.262574
0.263384
0.261882
0.259916
0.265121
0.262748
0.260049
0.259101
0.26232
0.259931
0.262723
0.261383
0.260248
0.258847
0.26044
0.260628
0.260951
0.26455
0.261216
0.262229
0.261953
0.260596
0.262124
0.261338
0.261727
0.26264
0.263331
0.263186
0.261218
0.259681
0.262464
0.262861
0.265511
0.263032
0.265511
0.260584
0.262728
0.262956
0.258121
0.261037
0.259909
0.260367
0.25765
0.261706
0.263971
0.264413
0.262432
0.262636
0.262995
0.265304
0.25958
0.263334
0.261033
0.265934
0.261471
0.259769
0.259703
2.4846e-05
0.261126
0.261283
0.258475
0.260765
0.25729
0.259406
0.262611
0.262156
0.261134
0.26404
0.262138
0.26287
0.261192
0.263772
0.261793
0.261638
0.264145
0.261893
0.261751
0.264659
0.260671
0.261203
0.26082
0.264636
0.263613
0.259731
