0.264744
0.267434
0.265326
0.266957
0.266956
0.268162
0.266233
0.262757
0.266714
0.266827
4.43701e-05
0.265231
0.264512
0.264843
0.263617
0.263543
0.264334
0.264904
0.264406
0.265823
0.269323
0.268237
0.262928
0.267
0.263118
0.264562
0.266386
0.267052
0.264166
0.262755
0.267273
0.26523
0.266604
0.265646
0.264277
0.26464
0.264758
0.267687
0.264674
0.2659
0.265899
0.26607
0.266892
0.264439
0.268109
0.264947
0.26322
0.26521
0.263984
0.263877
0.262773
0.266639
0.262604
0.263129
0.26735
0.267118
0.263269
0.267009
0.269007
0.266683
0.264879
0.266563
0.264645
0.271873
0.26473
0.266022
0.267103
0.266926
0.264852
0.265474
0.266454
0.262503
0.264638
0.265027
0.268097
0.263401
0.268116
0.266357
0.266312
0.2649
0.265198
0.264901
0.263105
0.266845
0.265213
0.264763
0.264539
0.265162
0.265579
0.264942
0.266559
0.26364
0.263113
0.266651
0.268136
0.264764
0.264353
0.264946
0.264119
0.264673
0.264489
0.264822
0.268555
0.264911
0.265233
0.265275
0.265423
0.264791
0.265335
0.264591
0.265712
0.26421
0.267672
0.265862
0.265643
4.4368e-05
0.264794
0.267655
0.266545
0.262658
0.264669
0.264455
0.264855
0.265878
0.265818
0.263848
0.264327
0.265222
0.264105
0.266367
0.262778
0.26594
0.262572
0.263925
0.266577
0.26667
0.265409
0.264599
0.266131
0.269006
0.26546
0.266508
0.264817
0.264108
0.267167
0.26626
0.267252
0.263962
0.266197
0.264472
0.266782
0.26846
0.266067
0.269276
0.265322
0.264513
0.265552
0.262248
0.264696
0.263462
0.265277
0.266754
0.266733
0.266119
0.263499
0.266142
0.266761
0.268112
0.266373
0.267433
0.263317
0.264641
0.264174
0.266086
0.266361
0.26367
0.265221
0.264418
0.265214
0.265205
0.267064
0.26516
0.267614
0.26584
0.266869
0.269098
0.267604
0.262943
0.265762
0.267326
0.264633
0.267048
0.266394
0.264355
0.263735
0.265044
0.264852
0.266532
0.265941
0.262531
0.267772
0.268294
0.268556
0.265691
0.265009
0.267439
0.267518
0.266774
0.266156
0.264215
0.264097
0.265069
0.266288
0.267166
0.266894
0.266256
0.266313
0.263563
0.269601
0.266641
0.263244
0.265238
0.264226
0.266464
4.25939e-05
0.267256
0.266435
0.261403
0.266457
0.263872
0.267332
0.269184
0.265297
0.266956
0.265119
0.261299
0.266361
0.268203
0.263807
0.26731
0.266994
0.265648
0.264433
0.266414
0.26608
0.268468
0.266129
0.263933
0.266993
0.264936
0.266968
0.263778
0.26622
0.263837
0.26617
0.265667
0.26814
0.266194
0.266635
0.267665
0.268843
1.77479e-05
0.266489
0.265884
0.265194
0.265931
0.267369
0.26403
0.264106
0.264709
0.265362
0.264354
0.267294
0.265714
0.264295
0.267897
0.264062
0.263855
0.265175
0.265045
0.264817
0.264755
0.263479
0.265933
0.269816
0.265233
0.263968
0.266881
0.265744
0.264078
0.265479
0.266757
0.266621
0.267603
0.262184
0.266878
0.263045
0.267638
0.264952
0.266424
0.263966
0.26509
0.267683
0.267642
0.265971
0.264226
0.265673
0.264797
0.267053
0.265581
0.266324
0.264882
0.265621
0.26437
0.264375
0.263825
0.26158
0.266444
0.264363
0.263417
0.266145
0.266191
0.264546
0.265732
0.263994
0.268424
0.266232
0.265233
0.265261
0.264432
0.264006
0.261803
0.265717
0.266985
0.266139
0.264692
0.266952
0.268367
0.265254
0.266873
0.262626
0.264529
0.266031
0.266828
0.265708
0.267796
0.264853
0.266789
0.266394
0.268151
0.26531
0.264208
0.264877
0.263664
0.261724
0.26592
0.262688
0.265795
0.266844
0.264944
0.266912
0.266922
0.265749
0.265393
0.263347
0.268007
0.265941
0.266168
0.266577
0.265377
0.265156
0.265234
0.2669
0.265995
0.263802
0.265397
0.268167
0.266945
0.265128
0.265424
0.263023
0.265181
0.266332
0.266181
0.263948
0.264696
0.263352
3.37209e-05
0.267966
0.264611
0.265072
0.263835
0.26518
0.265964
0.264222
0.267886
0.267065
0.264085
0.26562
0.264081
0.266657
0.265888
0.268116
0.264967
0.263524
0.267555
0.26564
0.266202
0.264111
0.261793
0.263121
0.267006
0.266485
0.265908
2.48464e-05
0.265819
0.267624
0.264863
0.266265
0.265632
0.267149
0.268504
0.266864
0.267599
0.266113
0.266241
0.26323
0.268496
0.266367
0.263153
0.266121
0.266289
0.265516
0.264878
0.26554
0.264574
0.265323
0.267315
0.266582
0.264801
0.263521
0.265369
0.267861
0.266163
0.2663
0.267299
0.265201
0.269081
0.268123
0.269851
0.266174
0.26445
0.267146
0.267594
0.264275
0.265226
0.26846
0.264217
0.265041
0.26405
0.265183
2.12981e-05
0.265426
0.268773
0.263677
0.264943
3.37209e-05
0.266234
0.266112
0.265017
0.26689
0.268532
0.265551
0.265098
0.266455
0.267371
0.264015
0.267462
0.266717
0.265102
0.264061
0.268407
0.266977
0.264062
0.264222
0.265359
0.266212
0.265624
0.26513
0.264618
0.264363
0.265549
0.264916
0.267098
0.26568
0.265651
0.263583
0.266738
0.266687
0.262941
0.264566
0.26598
0.264252
0.264763
0.266339
0.262658
0.266496
0.264034
0.262359
0.263895
0.264864
0.26747
0.264088
0.264329
0.265623
0.26615
0.263561
0.264007
0.265635
0.267686
0.266065
0.267542
0.265954
0.266607
0.267283
0.265323
0.263778
0.263431
0.263812
0.266814
0.265497
0.263571
0.264833
0.267074
0.265434
0.266074
0.264466
0.264483
0.267127
0.266121
2.30699e-05
0.264585
0.265417
0.266346
0.26464
0.263982
0.265588
0.263797
0.26804
0.266551
0.266322
0.267642
0.266746
0.264262
0.265328
0.266433
0.265408
0.266295
0.265489
0.264931
0.2638
0.266263
3.37197e-05
0.264194
0.265084
0.26712
0.267229
0.26546
0.264919
0.266474
0.265814
0.266568
0.264445
0.265298
0.268148
0.266603
0.266651
0.264611
0.265544
0.265335
0.264368
0.265754
0.265196
0.268269
0.265316
0.266184
2.12972e-05
0.266927
0.266328
0.266949
0.263332
0.265789
0.26397
0.265241
0.262645
0.266492
0.266084
0.265465
0.265248
0.266275
0.267749
0.264158
3.19459e-05
0.264883
0.266505
0.264588
0.264783
0.265098
0.264678
0.265561
0.264404
0.266931
0.265049
4.79213e-05
0.267585
0.266775
0.26603
0.26676
0.266721
0.265784
0.265897
5.14686e-05
0.265124
0.262284
0.264344
0.264998
0.266457
0.267054
0.26618
0.263283
0.265807
0.266888
0.262295
2.66218e-05
0.259191
0.266668
0.264529
0.266327
0.265864
0.265182
0.266144
0.264568
0.264964
0.266217
0.263976
0.264239
0.266914
0.266567
0.0913192
1.77477e-05
0.267707
0.268439
0.265722
0.266837
3.19467e-05
0.266068
0.263044
0.26853
0.266892
0.265962
0.26586
0.26727
0.266815
0.264643
0.26558
0.263735
0.263886
0.26537
0.265983
0.26321
0.26692
0.265576
0.266646
0.266161
0.263068
0.265029
0.262613
0.267962
0.265707
0.264943
0.265512
0.264023
0.26575
0.265518
0.263744
0.263912
0.265305
0.266625
0.26998
0.264581
0.263258
0.266025
0.266717
0.265534
0.266485
0.267811
0.264943
0.265097
0.265544
0.264557
0.26379
0.263948
0.264475
0.265232
0.263936
0.263913
0.263255
0.263165
0.265177
0.26635
0.266865
0.266656
0.268183
0.266326
0.263023
0.265662
0.26633
0.263508
0.266343
0.266303
0.262839
0.265176
0.264598
0.267861
0.266367
0.265533
0.266817
0.266525
0.264871
0.263291
0.263265
0.267649
0.263788
0.264136
0.263368
0.265236
0.265487
0.264819
2.48471e-05
0.266448
0.265989
0.266607
0.267233
0.2644
0.265262
0.264314
0.265917
0.266783
0.266937
0.266188
0.263335
0.262811
0.264937
0.265377
0.264883
0.264182
0.269243
0.265577
0.266552
0.264921
0.267543
0.266552
0.265407
0.267082
0.264825
0.264328
0.267227
0.265861
0.266901
0.268404
0.266663
0.267237
0.264684
0.265882
0.266984
0.264035
0.267362
0.267035
0.266603
0.266894
3.37203e-05
0.262887
0.266735
0.265888
0.265014
0.269199
0.263285
0.265663
0.264994
0.265214
0.267281
0.266761
0.262266
0.26489
0.266375
0.26823
0.26546
0.263102
0.267375
0.268099
0.265449
0.26366
0.267169
3.01704e-05
0.266639
0.266137
0.264293
0.265199
0.265792
0.263896
0.266556
0.26866
0.2653
0.265832
0.264965
0.266766
0.264689
0.266621
0.2642
0.266993
0.265922
0.264334
0.264577
0.265787
0.264754
0.263418
0.264367
0.262049
0.268339
0.266687
0.265621
0.265789
0.263399
0.266126
0.263216
0.265855
0.268205
0.26683
0.267721
0.265803
0.26401
0.268776
0.263934
0.26488
0.267369
0.265489
0.265784
0.263549
0.265395
0.263048
0.266472
0.265892
0.266362
0.264801
0.267014
0.264197
0.264499
0.265109
0.264185
0.265271
0.267603
0.269012
0.266362
0.267245
0.267644
0.265893
0.265718
0.269125
0.265695
0.26382
3.01692e-05
0.266484
0.267854
0.265291
0.266322
0.265797
0.270263
0.263793
0.265185
0.26427
0.266323
0.26584
0.264249
0.265129
0.267494
0.263307
0.264957
0.264888
0.265989
0.267541
0.264648
0.268955
0.265383
0.266737
0.265882
0.264673
0.264671
0.267171
0.266042
0.264823
0.267516
0.268059
0.264673
0.266048
0.265489
0.264235
0.266356
0.266221
0.265891
0.265202
0.266492
0.265135
0.268653
0.267109
0.264825
0.268424
0.267625
0.265146
0.264212
0.266243
0.268295
0.270818
0.266532
0.265447
0.267425
0.265344
0.26328
0.267914
0.265989
0.264011
0.26806
0.262192
0.264712
0.267333
0.265396
0.264297
0.265374
0.266057
0.264478
0.264639
0.264857
0.268039
0.268331
0.265962
0.26529
0.263634
0.266594
0.268865
0.268432
0.267953
0.265657
0.263335
0.263824
0.267405
0.260028
3.72722e-05
0.261602
0.264531
0.265938
0.265566
0.262798
0.264363
0.264345
0.267554
0.265203
0.268637
0.264791
0.264215
0.265704
0.268021
0.26671
0.267255
0.263918
0.264862
0.265696
1.41979e-05
0.263813
0.265241
0.264974
0.263862
0.266263
0.26491
0.264069
0.269852
0.26516
0.263896
0.264173
0.263363
0.266585
0.264999
0.270456
0.264331
0.266193
2.66216e-05
0.264141
0.266281
0.266428
0.268527
0.265473
0.264901
