0.263427
0.261265
0.261668
0.261523
0.263355
0.263459
0.264048
0.261392
0.261663
0.260159
0.260195
0.258517
0.262813
0.259382
0.260742
0.262707
0.260532
0.261544
0.260757
0.262577
0.26275
0.26038
0.261542
0.2618
0.260222
0.262402
0.262178
0.260606
0.260172
0.263108
0.260387
0.260104
0.26322
0.260066
0.260615
0.261816
0.260099
0.263728
0.261586
0.261981
0.261878
0.262039
0.261671
0.260705
0.262828
0.262502
3.19453e-05
0.264335
0.260198
0.258904
0.260516
0.26172
0.258025
0.257702
0.261998
0.261854
0.261203
0.261716
0.262027
0.260878
0.265518
0.263459
0.260563
0.2652
0.262274
0.263504
0.261507
0.261263
0.259022
0.26116
0.262798
0.26362
0.259299
0.262364
0.26155
0.263052
0.259744
3.37208e-05
0.261968
0.261624
0.264239
0.261971
0.261453
0.260733
0.262106
0.259451
0.262253
0.261639
0.262502
0.260859
0.260209
0.262345
0.261702
0.261629
0.260308
1.95226e-05
0.261678
0.26175
3.19455e-05
3.01715e-05
0.25846
0.261273
0.264828
0.262801
0.263438
0.25835
0.263443
0.263589
0.2638
0.259884
0.264031
0.259537
0.262239
0.26252
0.260191
0.261585
0.261163
0.260747
0.263993
0.259265
0.259384
0.261424
0.259841
0.262078
0.261133
0.259279
0.261718
0.264166
0.258587
0.261436
0.260295
0.260381
0.257536
0.260107
0.262053
0.263433
0.261434
0.259823
0.261821
0.262837
0.261128
0.260132
0.261239
0.260384
0.264022
0.259392
0.260085
0.26283
0.264417
0.258241
0.263341
0.260823
0.261573
0.262269
0.263171
0.260454
0.260719
0.259276
0.263248
0.259662
0.261504
0.261462
0.259499
0.262331
0.260953
0.260173
0.26182
0.261725
0.264094
0.261698
0.260837
0.260843
0.259755
0.262434
0.262169
0.257999
0.262696
0.258806
0.263331
0.260945
0.260393
0.25946
0.263475
0.258364
0.260531
0.262906
0.263
0.258725
0.260833
0.262283
0.263647
0.260877
0.264275
0.261909
0.258965
0.258279
0.258711
0.261994
0.261433
0.260559
0.262613
0.262902
0.262838
0.259472
0.258583
0.259092
0.263942
0.259994
0.25981
0.262456
0.264113
0.261837
0.264386
0.263084
0.261565
0.261034
0.262822
0.260208
0.264565
0.260009
0.260987
0.260413
0.259313
0.261736
0.262746
0.262079
0.262086
0.26007
0.26366
0.261485
0.264539
0.261687
0.262303
0.262358
0.260348
0.26123
0.260531
0.262447
0.260169
0.262447
0.26374
2.12968e-05
0.261217
0.26229
0.262603
0.261735
0.26083
0.260856
0.261307
0.265007
0.261919
0.263295
0.260521
0.258397
0.263425
0.261972
0.262222
0.261239
0.262789
0.26111
0.262631
0.244538
0.255576
0.260957
0.26176
0.261769
0.263223
0.260445
0.262184
0.263399
0.260906
0.260105
0.261826
0.25961
0.260216
0.263123
0.261319
0.262964
0.260981
0.262962
0.259589
0.260465
0.258813
0.259638
0.263994
0.261966
0.260235
0.263025
0.263419
0.259537
0.263429
0.262508
0.264734
0.25946
0.258834
0.263174
0.259281
0.262532
0.260255
0.261991
0.262596
0.25954
0.262571
0.263335
0.26155
0.263585
0.262126
0.261
0.26058
0.261891
0.26269
0.262779
0.261929
0.261118
0.261198
0.260558
0.258873
0.261718
0.261777
0.260395
0.262358
0.25739
0.261591
0.260886
0.261734
0.262812
0.26001
0.261099
1.59735e-05
2.48468e-05
0.264537
0.260296
0.263144
0.261618
0.261709
0.262995
0.26396
0.260751
0.261071
0.264619
2.48472e-05
0.262071
0.262548
0.261614
0.263013
0.262306
0.261891
0.26034
0.262881
0.261572
0.261343
0.262265
0.263168
0.260266
0.26073
0.260721
0.260666
0.25876
0.261044
0.259031
0.261501
0.262432
0.261088
0.261036
0.260342
0.26139
0.263701
0.261335
0.264438
0.26332
0.262353
0.262762
0.260507
0.260114
0.260322
0.264176
0.264193
0.261801
0.260144
0.261605
0.261705
0.261253
0.261748
0.259398
0.259761
0.262849
0.262697
0.260702
0.26123
0.261296
0.261757
0.26109
0.263671
0.260862
0.261413
0.261132
0.263828
0.261349
0.263675
0.263093
0.261915
0.262999
0.26134
0.260437
0.258098
0.259554
0.262068
0.264012
0.261397
0.25896
0.262972
0.261642
0.26338
0.259309
0.260916
0.262316
0.262559
0.261996
0.260832
0.261784
0.262096
2.1297e-05
0.262095
0.260471
0.260141
0.260061
0.25992
0.261906
0.260322
0.259868
0.26083
0.261944
0.26095
0.260884
0.263384
0.260806
0.264138
0.262777
0.262372
0.260897
0.262717
0.25931
0.261323
0.261632
0.262681
0.262087
0.261424
0.265289
0.261672
0.265137
0.260388
0.260629
0.260732
0.258873
0.259489
0.262097
0.261904
0.261965
0.260641
0.26044
0.262572
0.260224
0.261126
0.264074
0.261846
0.259369
0.261511
0.257764
0.263457
0.263714
0.262687
0.263245
0.259526
0.259726
0.261726
0.261114
0.259881
0.261179
0.261623
0.263075
0.26119
0.263768
0.260333
0.261303
0.259215
0.260553
0.263818
0.261501
0.261617
0.261086
0.259628
0.262871
0.260403
0.261814
0.261185
0.259912
0.258394
0.262246
0.261485
0.259152
0.259251
0.259996
0.260983
0.258808
0.261792
0.260702
0.254989
0.263519
0.259207
0.258432
0.263785
0.2624
0.26302
0.26181
0.263518
0.261865
0.259819
0.262358
0.261954
0.26389
0.260544
0.263304
0.261358
0.264019
0.26497
0.259608
0.260181
0.261202
0.259188
0.261186
0.26042
0.259737
0.261985
0.26293
0.261387
0.260175
0.262817
0.261847
0.264419
0.262225
0.259791
0.261664
0.261469
0.260775
0.259869
0.260663
0.259652
0.262287
0.26085
0.261578
0.261069
0.263207
0.259191
0.261709
0.257989
0.260969
0.263685
0.263906
0.262386
0.260473
0.263171
0.262811
0.26112
0.25885
0.260622
0.260901
0.262012
0.262173
0.261033
0.260807
0.262396
0.261702
0.261075
0.260084
0.262918
0.262092
3.7269e-05
0.261129
0.262014
0.262228
0.261265
0.261449
0.259343
0.262561
0.259895
0.261239
0.260224
0.26236
0.261977
0.261637
0.25992
0.263297
0.261549
0.262103
0.262563
0.260871
0.260413
0.259697
0.263486
0.263137
0.263764
0.260971
0.262013
4.79179e-05
0.263632
0.263129
0.258754
0.259256
0.260138
0.260499
0.26138
0.260247
0.261783
0.259705
0.263034
0.262043
0.262337
0.260163
0.261551
0.259562
0.263516
0.262053
0.261181
0.260056
0.259951
0.260553
0.261289
0.261059
0.260727
0.261851
0.259431
0.262242
0.260878
0.260601
0.264855
0.259883
0.260608
0.262756
0.259864
0.259699
0.260403
0.259448
0.261892
0.263031
0.261738
0.26091
0.263613
0.262095
0.260045
0.26112
0.262576
0.262549
0.264014
0.261228
0.26098
3.37199e-05
0.261009
0.262059
0.261641
0.264231
0.262942
0.263458
0.26491
0.261803
0.259863
0.261893
0.262109
0.260856
0.26323
0.261732
0.260076
0.260797
0.258674
0.264166
0.26083
0.262358
0.261812
0.263149
0.26061
0.261553
0.258694
0.262394
0.262319
0.261665
0.260644
0.263008
0.260591
0.262402
0.265461
0.259927
0.261551
0.265266
0.262962
0.263516
0.261629
0.262811
2.12977e-05
2.6622e-05
0.262581
0.261338
0.262908
0.261502
2.83962e-05
0.258479
0.259703
0.260643
0.259722
0.260429
0.260534
0.261269
0.260455
0.260625
0.263444
0.26325
0.260015
0.260661
0.260798
0.264211
0.261998
0.262471
0.263588
0.258675
0.26084
0.26343
0.262056
0.259275
0.263848
0.261344
0.259822
0.259038
0.260326
2.30718e-05
0.261146
0.261895
0.260323
0.259095
0.259962
0.263824
0.26381
0.261145
0.261593
0.258406
0.262551
0.264254
0.259634
0.262628
0.261926
0.261833
0.262248
0.260743
0.259391
0.262049
0.259428
0.260475
0.258517
0.261365
0.263713
3.72697e-05
0.260353
0.262019
0.26369
0.261584
0.257188
0.261646
0.259281
0.259323
0.26228
0.263007
0.262446
0.259698
0.264186
0.263818
0.258508
0.262335
0.263644
0.260398
0.264778
0.264058
0.263181
0.263099
0.262285
0.257108
0.264202
0.26066
0.26164
0.261436
0.261123
0.260413
0.25832
0.260944
0.26187
0.262743
0.259712
0.261145
0.262513
0.261799
0.259782
0.260771
0.263816
0.260108
0.260212
0.258373
0.261533
0.259673
0.259876
0.262142
0.262737
0.264093
0.257624
4.61438e-05
0.261137
0.263332
0.26013
0.261222
0.262766
0.262222
0.261953
0.261081
0.259907
0.262405
0.260645
0.260413
0.261745
0.261998
0.262823
0.260164
0.261251
0.259838
0.263029
0.263247
0.260815
0.261466
0.262797
0.262279
0.25793
0.261259
0.260513
0.261232
0.261276
0.261542
0.262302
0.262905
0.260746
0.260365
0.261759
0.261399
0.259262
0.257176
0.2617
0.260147
0.261421
0.263798
0.262549
0.260435
0.262836
0.26449
0.259953
0.261421
0.26042
0.260983
0.261648
0.261755
0.260787
0.263811
0.2626
0.263612
0.264168
0.262924
0.260534
0.259108
0.261431
0.261002
0.262799
0.260781
0.259425
0.261161
0.26363
0.259869
0.263074
0.260227
0.264177
0.265012
0.261607
0.260981
0.266523
0.261163
0.262119
0.261665
0.261818
0.258589
0.261349
0.263806
0.262877
0.262094
0.260361
0.26039
0.260637
0.264383
0.262249
5.50168e-05
0.265123
0.262802
0.260769
0.26287
0.262142
0.259946
0.261919
0.261839
0.258394
0.261473
2.66213e-05
0.260801
0.262791
0.2628
0.260908
0.263925
0.263665
0.261506
0.260263
0.260759
0.261568
0.265199
0.261997
0.261115
0.262248
0.25864
0.258218
0.263759
0.258131
0.262009
0.263209
0.259846
0.25764
0.263879
0.26153
0.260788
0.258932
0.258772
0.257205
0.261425
0.260632
0.259581
0.262905
0.263695
0.25922
0.261318
0.261394
0.262474
0.264476
0.262592
0.261666
0.258418
0.260474
0.263758
0.262004
0.262253
0.257604
0.259283
0.260795
0.263368
0.261449
0.263101
0.260899
0.263144
0.263963
0.262185
0.258451
0.259007
0.262213
0.261652
0.262085
0.261416
0.260179
0.262809
0.261855
0.260341
0.260771
0.259752
0.260311
0.259024
0.262344
0.260637
0.263356
0.263307
4.96927e-05
0.259784
0.261011
0.260838
0.262116
0.261118
0.262084
0.260821
0.25983
0.264313
0.259411
0.261441
0.261151
0.262391
0.260781
0.25892
