0.262236
0.263022
0.264038
0.263709
0.263361
0.26635
0.261157
0.260609
0.263732
0.264831
0.262357
0.260557
0.262446
0.262202
0.26098
0.260306
0.262893
2.66208e-05
0.262342
0.263373
0.262585
0.260829
0.261895
0.263983
0.262652
0.261744
0.263165
0.263268
0.26043
0.26382
0.264558
0.262463
0.262868
0.26207
0.262026
0.263323
0.263315
0.265318
0.262781
0.260774
0.264644
0.264002
0.261264
0.263121
0.262153
0.262984
0.263192
0.264198
0.261089
0.260754
0.263158
0.26028
0.261033
0.260463
0.265029
0.262413
0.261539
0.262985
0.26083
0.26111
0.265308
0.267093
0.26264
0.266052
0.262039
0.265142
0.26388
0.26332
0.253089
0.262379
0.262193
0.262798
0.262884
0.263895
0.262321
0.266404
0.262398
0.264756
0.262623
0.261661
0.265123
0.263221
0.26156
0.262529
0.263027
0.262392
0.261337
0.261969
0.26267
0.261349
0.263432
0.263316
0.264824
0.263157
0.26338
0.261033
0.262646
0.260591
0.260477
0.259883
0.260457
0.261702
0.260998
0.261816
0.263201
0.259051
0.26052
0.264047
0.265003
0.261593
0.265957
0.262737
0.264602
0.261833
0.261932
0.261573
0.262265
0.262201
0.265713
0.259247
0.261775
0.261683
0.263804
0.265315
2.12969e-05
0.25979
0.262061
0.26586
0.260037
0.265461
0.260762
0.265755
0.263788
0.260279
0.261215
0.261406
0.262335
0.260936
0.261058
0.264194
0.262289
0.262409
0.25775
0.261875
1.95222e-05
0.262255
0.262623
0.262249
0.265562
0.261771
0.264512
0.26463
0.264611
0.264736
0.264417
0.260158
0.260692
0.260499
0.263065
0.261061
0.262605
0.264889
0.263414
0.264612
0.263038
0.261982
0.260173
0.263422
0.263961
0.262062
0.262738
0.262327
0.261455
0.259881
0.263942
0.263831
0.261272
0.261177
0.262848
0.262322
0.264984
0.259635
0.262391
0.26098
0.264077
0.264825
0.263914
0.253158
0.264763
0.260695
0.262012
0.261028
0.264263
0.263702
0.260145
0.261033
0.264511
0.263499
0.265105
0.258561
0.263401
0.264206
0.263686
0.261053
0.258288
0.262872
0.262572
0.261584
0.26279
0.261711
0.263275
0.264116
0.263896
0.263645
0.265388
0.266007
0.26117
0.261994
0.264346
0.261516
0.259551
0.262828
0.262787
0.262796
0.262107
0.260151
0.262654
0.261651
0.264526
0.260054
0.266001
0.2685
0.261858
0.26482
0.262405
0.261389
0.261896
0.262294
0.259175
0.263937
0.264934
0.264146
0.263767
0.261788
0.26306
0.262706
0.264255
0.2616
0.262941
0.263791
0.263782
0.261258
0.262468
0.262674
0.26249
0.266196
0.261954
0.262208
0.263888
0.261607
0.263932
0.264992
3.19452e-05
0.265174
0.262899
0.261766
0.263075
0.262044
0.262037
0.264102
0.26117
0.260469
0.261402
0.262684
0.26213
0.264862
0.263058
0.260238
0.262397
0.262765
0.261535
0.262916
0.258758
0.26263
0.263375
0.262969
0.263595
0.264352
0.263286
0.263189
0.264318
0.264434
0.265183
0.263131
0.261897
0.264386
0.260777
0.264866
0.262571
0.260553
0.261114
6.21169e-05
0.26148
0.264254
0.262395
0.263462
0.264072
0.261851
0.263416
0.26325
0.261328
0.264303
0.260373
0.26161
0.2643
0.260473
0.262398
0.26186
0.261092
3.01706e-05
0.261053
0.262977
0.26539
0.264534
0.262847
0.263815
0.263422
0.261213
0.262171
0.26114
0.262615
0.257909
0.262324
0.263772
0.26241
2.30704e-05
0.265014
1.41986e-05
3.01711e-05
0.264561
3.72709e-05
0.263079
0.264231
3.19468e-05
0.265133
0.26264
0.261613
0.262212
0.263779
0.26075
0.264016
0.263858
0.262598
0.261696
0.261931
0.262819
0.262471
0.264274
0.265891
0.262886
0.263805
0.262471
0.264159
0.261717
0.262021
0.262567
0.262471
0.262634
0.263485
0.263595
0.261345
0.262902
0.262247
0.26434
0.262309
0.261618
0.26672
0.264109
0.260595
0.264777
0.26335
0.260039
0.264836
0.263716
0.261
0.264726
0.261855
0.261285
0.262353
0.261974
0.264586
0.263727
0.263817
0.264912
0.263441
0.263331
0.262154
0.260495
0.264876
0.263355
0.261263
0.265508
0.266655
0.264058
0.260042
0.263041
0.26331
0.264683
0.261578
0.260567
0.261664
0.265596
0.26269
0.261909
0.260827
0.261058
0.263329
0.263459
0.262222
0.263394
0.264838
0.264303
0.261607
0.26072
0.261587
0.262789
0.260316
0.266474
0.262743
0.24155
0.265152
0.262974
0.265291
0.260765
0.26256
0.262167
0.265488
0.262533
0.263655
0.262185
0.263956
0.263353
0.262099
0.261947
0.262919
0.261185
0.264143
0.265092
0.261321
0.266986
0.262846
0.264017
0.266125
0.262286
0.263906
0.26308
0.262655
0.262204
0.26316
0.263699
0.261598
0.262499
0.261976
0.261522
0.262896
0.261143
0.26411
0.262304
0.262638
0.2631
0.263384
0.262064
0.262598
0.26316
0.263404
0.26488
0.261837
0.26366
0.262929
0.265161
0.259273
0.25832
0.26431
0.262918
0.262279
0.260846
0.264062
0.26202
0.260549
0.260978
0.263254
0.262657
0.260856
0.26385
0.263024
0.263449
0.261038
0.262588
0.262833
0.259092
0.261473
0.263845
0.262768
0.261582
0.263329
0.260353
0.262413
0.26219
0.252844
0.26154
0.261794
0.26451
0.262432
0.262332
0.260524
0.261155
0.26361
0.262882
0.264194
0.263004
0.263444
0.265826
0.263129
0.264328
0.265121
0.264391
0.262179
0.262144
0.260546
0.264074
0.263774
0.260397
0.263126
0.261922
0.263355
0.264498
0.262404
0.260733
0.255233
0.263526
0.261276
0.263575
0.263477
0.264004
0.25939
0.263103
0.262584
0.264903
0.265069
0.264583
0.260847
0.262306
0.261878
0.262557
0.26061
0.263822
0.26298
0.26195
0.262472
0.261023
0.26098
0.261555
0.263529
0.257356
0.261845
0.262477
0.26185
3.19453e-05
0.263627
0.263175
0.2632
0.262387
0.262534
0.263752
0.262872
0.261593
0.262608
0.262687
0.263746
0.263035
0.26186
0.264109
0.261733
2.48468e-05
0.262351
5.14687e-05
3.72701e-05
0.263056
0.264138
0.26278
0.261357
0.263816
0.262252
0.261326
0.263509
0.260248
0.264749
0.262663
0.264895
0.263415
0.263965
0.265424
0.265524
0.261218
0.265582
0.264647
0.25997
0.261957
0.261623
0.262687
0.262177
0.261587
0.261387
0.262758
0.263389
0.260739
0.260463
0.262729
0.263677
0.261621
0.261807
0.261482
0.263321
0.259274
0.264006
0.262209
0.262957
0.262956
0.264239
0.263398
0.262856
0.263735
0.260303
0.26158
0.261149
0.262322
3.19455e-05
0.263123
0.262955
0.263304
6.0343e-05
0.263008
0.26266
0.263505
0.264981
0.260887
0.263602
0.264111
0.262191
0.261764
0.261874
0.263963
0.265271
0.262732
0.263408
0.261725
0.26193
0.263163
0.263066
0.264849
0.264243
0.262859
0.263849
0.262192
0.261113
0.261029
0.26358
0.262456
0.262817
0.258895
0.261409
0.262823
0.261329
0.264659
0.261073
0.262587
0.262029
0.265067
0.262454
0.262169
0.260304
0.261874
0.262834
0.261516
0.265329
0.260721
0.260037
0.260881
0.264194
0.261984
0.262396
0.26476
0.264394
0.263655
0.262314
0.26467
0.263229
0.262791
0.262167
4.08202e-05
0.265661
0.260691
0.265795
0.259093
0.263842
0.261583
0.258634
0.261268
0.260435
0.264151
0.263291
0.263603
0.26075
0.264377
0.263311
0.261532
0.263748
0.261568
0.261592
0.26067
0.263398
0.260423
0.263627
0.26333
0.262086
0.262913
0.262712
0.264959
0.261968
0.261423
0.261779
0.265441
0.261685
0.261613
0.259822
0.263093
0.263751
0.263179
0.265876
0.263712
0.260672
0.263093
0.264216
0.262756
0.262527
1.95228e-05
0.261537
0.263542
0.262106
0.263709
0.263521
0.263524
0.262642
0.261799
0.2595
0.263002
0.265276
0.26067
0.260201
0.262427
0.26224
0.260667
0.262177
0.263202
0.261283
0.261233
0.26309
0.263498
0.265254
0.261766
0.265669
0.263687
0.262432
0.261996
0.263575
0.262567
0.265903
0.263778
0.22476
0.264468
0.262896
0.261467
0.266381
0.264018
0.261294
0.264533
0.261821
0.262772
0.260227
0.262775
0.265941
0.262947
0.261187
0.260754
0.264547
0.26223
0.262811
0.263151
0.263868
0.262692
0.262455
0.261213
0.263417
0.264492
0.261611
0.26403
0.258738
0.264215
0.261706
0.263525
0.263122
0.26394
0.262108
0.26438
0.261445
0.263195
0.263337
0.264488
0.259397
0.263204
0.263621
0.260467
0.26322
0.261511
0.262555
0.261821
0.262456
0.262255
0.263118
0.265879
0.263875
0.262307
0.261874
0.262719
0.263771
0.261477
0.261633
0.26375
0.26432
0.262057
0.262384
0.266064
0.262762
0.262378
0.259498
0.26244
0.261257
0.263757
0.262613
0.264876
0.263076
0.265676
0.264043
0.262733
0.263631
2.12979e-05
0.2589
0.260738
0.262202
0.264135
0.262622
0.261755
0.264741
0.264791
0.263219
0.264266
0.263052
0.266021
0.260453
0.260191
0.261241
0.262926
0.264902
0.262781
0.261773
0.263516
0.263659
0.261559
0.260153
0.262022
0.264848
0.264382
0.26388
0.264099
0.265612
0.259838
0.261485
0.262933
0.26357
0.260692
0.265278
3.01726e-05
0.263564
0.263658
0.262237
0.261294
0.259989
0.264916
0.264331
0.262865
0.265202
0.262756
0.260799
0.264806
0.261313
0.25968
0.265252
0.264372
0.263312
0.261297
0.262955
0.263087
0.263031
0.26468
0.262903
0.266512
0.262721
0.261348
4.61454e-05
0.262464
0.263068
0.266896
0.262471
0.260187
0.264003
0.261542
0.259888
0.261337
0.261269
0.264384
0.263942
0.259359
0.261812
0.265455
0.263571
0.26465
0.263722
0.259435
0.262848
0.26356
0.262999
0.26236
0.263234
0.2629
0.260862
0.262345
0.263419
0.263275
0.266175
0.264523
0.263282
0.262337
0.264275
0.263315
0.262227
0.263616
0.262135
0.261134
0.263175
0.264179
0.2636
0.264398
0.26095
0.266269
0.265187
0.262594
0.261339
0.261187
0.26194
0.264057
0.2631
0.259838
0.261368
0.263334
0.261919
0.262888
0.260024
0.265138
0.263997
0.260836
0.264337
0.262248
0.26334
0.266312
0.262051
0.26319
0.260276
0.263108
0.265207
0.261278
0.264457
0.261112
0.260446
0.264924
0.261454
0.26367
0.262726
0.265932
0.263184
0.262034
