0.20012
0.219564
0.216877
0.220151
0.187608
0.219865
0.220834
0.21595
0.205302
0.149777
0.213898
0.213398
0.219795
0.214478
0.214615
0.217989
0.210919
0.219788
0.171511
0.215127
0.216378
0.220075
0.219438
0.217083
0.212226
0.158682
0.225591
0.222586
0.217811
0.218133
0.213523
0.189756
0.206891
0.218384
0.219496
0.22149
0.215834
0.224162
0.211692
0.220524
0.2183
0.218418
0.215166
0.217902
0.216189
0.216568
0.2148
0.215622
0.213463
0.182157
0.214689
0.211169
0.214749
0.110409
0.219072
0.154535
0.217155
0.222675
0.22081
0.214151
0.217484
0.210707
1.95222e-05
0.222462
0.216278
0.216556
0.203967
0.213286
0.213436
0.218223
0.216551
0.220792
0.194724
0.216182
0.220279
0.221061
0.214937
0.2165
0.217638
0.218783
0.219739
0.220273
3.90435e-05
0.217274
0.218287
0.218938
0.206631
9.93859e-05
0.213905
0.191237
0.207942
0.217974
0.216178
0.21827
0.220024
0.213998
2.48457e-05
0.0763642
0.214074
0.190856
0.217711
0.217766
0.218272
4.43681e-05
0.219938
0.213002
0.215103
0.221606
0.220127
0.221122
0.207109
0.216671
0.220103
0.221853
0.201459
0.214629
0.21814
0.217918
2.30714e-05
0.212087
0.220375
0.211898
0.217258
0.223708
0.211212
0.218311
0.215956
0.218121
0.205568
0.219512
0.216482
0.215561
0.212452
0.215094
0.220462
0.216789
0.215603
0.208418
0.220472
0.221358
0.21731
0.218873
0.204437
0.214135
0.131791
0.215156
0.218604
0.21368
0.213714
0.120162
0.218035
0.219015
0.217001
0.218564
0.216994
0.215051
2.30717e-05
0.212353
0.212884
0.215979
0.213753
0.215449
0.21356
0.219867
0.211179
0.215235
0.21992
0.221407
0.181857
0.213837
0.21036
0.214977
0.217312
0.213544
0.214624
0.212619
0.216666
0.150152
0.199312
0.212855
0.218416
0.217397
0.217012
0.200682
5.50187e-05
0.222722
0.220639
0.141189
0.216258
4.43715e-05
0.218589
0.215964
0.212643
0.209429
0.215814
4.25942e-05
0.212114
0.205268
0.218976
0.204266
0.219635
0.21881
0.212563
0.218511
0.216884
0.212214
0.219744
0.217753
0.185333
0.218786
2.1297e-05
0.21423
0.213138
0.21887
0.213711
0.215848
0.217755
0.210521
0.219432
0.218338
0.116445
0.216875
0.213873
0.217257
0.220287
0.218737
0.214105
0.219625
0.22042
0.221253
0.220911
0.222829
0.221416
0.211524
0.219582
4.08202e-05
0.211797
0.218438
0.218129
0.219534
0.212379
0.218734
0.211822
0.221563
0.219315
0.221751
0.221145
0.218527
0.214504
0.220398
0.2022
0.21854
0.212758
0.21313
4.61442e-05
0.209639
0.210961
0.211308
0.221248
0.190814
0.212844
0.217341
0.217648
0.215767
0.222046
0.21448
0.216556
0.218155
0.214911
0.220526
0.220089
0.214426
0.21575
0.216876
0.212737
0.218685
0.198348
0.103801
0.2196
0.214743
0.210905
0.217354
0.216079
0.211206
0.215517
0.215954
0.215599
6.38927e-05
0.217939
0.207234
0.220416
0.224329
0.0723231
3.1946e-05
0.191519
0.220274
0.215104
0.221849
0.218326
0.217836
0.215122
0.215986
0.220531
0.221189
0.219645
0.189821
0.219581
0.219294
0.215362
0.20706
4.43694e-05
0.216662
0.214338
0.217638
0.218787
0.216367
0.210824
0.206123
0.21711
0.218573
0.195183
0.218119
0.217623
0.203619
0.206883
0.216368
0.214606
0.201899
0.210847
0.213358
0.217883
0.21563
0.218873
0.217908
0.218586
0.219751
0.217735
0.21976
0.219351
0.217668
0.224924
0.214189
0.218581
1.77482e-05
0.215406
0.218822
0.219599
0.189394
0.222184
0.217602
0.212511
0.147374
0.21184
0.217379
0.218632
0.217266
0.219404
0.21652
0.212301
0.207751
0.214082
0.219998
0.217479
0.220454
0.211821
0.210236
0.22051
0.214811
0.209137
0.219886
0.205625
0.220678
0.219
0.207832
0.217048
0.220532
0.189198
0.219024
0.217247
0.218008
0.216769
0.188017
0.215583
0.21962
0.221961
2.83959e-05
0.221762
0.203028
0.220883
0.217403
0.223631
0.221993
6.56662e-05
0.219495
0.218969
0.215988
0.175237
0.208965
0.217266
0.219379
0.216504
0.217422
0.217017
0.217456
0.216799
0.114679
0.167604
0.217548
0.217703
0.208629
0.219792
0.21605
0.218828
0.218762
4.08192e-05
0.216183
3.37199e-05
0.220826
0.216454
0.185691
0.193193
0.219352
0.216643
0.218586
0.216936
0.219083
0.201371
0.222976
0.219067
0.210501
0.219464
0.216479
0.217845
0.211288
0.220854
0.217254
0.22022
0.217184
0.220948
0.204676
3.54949e-05
0.200591
0.215097
0.205148
0.211241
0.219803
0.213804
0.220551
0.219766
0.221626
0.218613
0.143791
0.213377
0.219218
0.218437
0.217559
0.215108
0.216187
0.217249
0.212146
0.222017
0.217802
0.217875
0.224068
0.216271
0.215997
0.219756
0.215698
3.90443e-05
3.54955e-05
3.54954e-05
0.209732
0.217629
0.216509
0.220244
0.192165
0.218525
0.218715
0.215663
0.218154
0.218239
0.220293
0.22203
0.216617
0.21255
0.107499
0.219682
0.215102
0.214241
0.214933
0.218979
0.211709
0.220654
0.220087
0.219483
3.90447e-05
0.214238
0.220683
0.21683
0.210675
0.218457
0.219386
0.218595
0.215564
0.210588
0.217781
3.90459e-05
0.214854
0.217691
0.220827
0.211393
0.222853
0.218586
0.214866
0.218965
0.198983
0.2183
0.217961
0.211331
0.220501
0.215656
0.225397
0.21656
0.220458
0.220348
0.214974
0.21485
0.216024
3.0171e-05
0.214968
4.25943e-05
0.213629
0.17759
0.216015
0.22017
0.218699
0.219034
0.212602
0.221056
0.220363
0.214699
0.21556
0.21542
0.217431
0.220653
0.200693
0.21591
0.21972
0.219481
6.38942e-05
0.171933
0.215354
0.216902
0.216309
0.219821
0.210659
0.21748
0.216032
0.215778
0.21885
0.220795
0.21124
0.219056
0.218142
0.215369
0.217452
0.217599
4.79179e-05
0.220196
0.214009
0.217268
0.219387
0.216873
0.210803
0.219819
6.92139e-05
0.217449
0.21681
0.214498
0.218263
0.212956
0.220401
0.216296
0.221094
0.213986
0.215223
0.217177
0.215817
0.217945
0.221688
0.21899
0.217601
0.217024
0.215099
0.217831
0.191809
0.17548
0.219272
0.216655
0.217023
0.220495
0.217985
0.210683
0.213139
0.21756
0.219752
0.214543
0.21203
0.220534
0.215758
0.219806
0.217089
0.199572
0.215472
7.09906e-05
0.216112
0.215986
0.219827
0.215973
0.218076
0.216916
0.218087
0.213944
0.139906
0.216177
0.218445
0.217322
0.185122
0.21935
0.21453
0.216087
0.136946
0.213996
0.214873
0.210544
0.219769
0.20779
0.198124
0.220695
0.214508
0.215593
0.216738
0.220754
0.221141
0.217544
0.215682
0.220603
0.220311
0.212076
0.214449
0.211497
0.223547
0.217171
0.219092
0.214027
0.217131
0.219956
0.218875
0.215062
0.221243
0.217404
3.01719e-05
0.216055
0.18529
0.215526
0.21479
0.213195
0.193109
0.21857
0.217925
0.215019
0.215072
0.212401
0.220682
0.21546
0.217046
0.217793
0.220971
0.218101
0.218125
0.218557
0.219973
0.204276
0.208683
0.219549
0.216225
0.214892
0.216096
0.222676
0.216247
0.219111
0.21821
0.202045
0.20924
0.221853
0.2141
0.216844
0.21826
0.218067
0.217319
0.153631
0.217802
0.21744
0.215777
0.199929
0.203504
0.214595
0.21017
0.217332
0.218424
0.0944356
0.208352
0.221703
0.218241
0.219266
0.214881
0.219252
0.220082
0.213841
0.21692
0.217487
0.117216
5.8568e-05
0.217632
3.54955e-05
0.137917
0.217352
0.216912
0.222735
0.217675
0.217311
0.218381
0.216742
0.220215
0.211947
0.212759
0.215429
0.216113
0.222221
0.22023
0.209759
0.211903
0.217746
0.219775
0.214716
0.118834
0.217401
0.213755
0.219617
0.220006
0.217187
0.215334
0.21735
0.219046
0.218182
0.220737
0.223195
0.218454
0.21793
0.215015
0.221276
0.219318
0.219496
0.221971
0.205598
0.217728
0.220885
0.213629
0.216341
0.206261
0.20887
0.216899
0.217904
0.207311
0.218622
0.218291
0.219699
0.21892
0.206445
0.219193
0.222199
2.48469e-05
0.186262
0.0611368
0.19953
0.21776
0.217905
0.202538
0.218659
0.215552
0.217276
0.21841
0.218791
0.217165
0.218877
0.212294
0.213799
0.216012
0.2083
0.215367
0.215105
0.216476
0.213498
0.214662
0.217675
0.214967
0.211782
0.218617
0.216375
0.214886
0.220987
0.221601
0.214772
0.219126
0.216974
0.220472
0.217807
0.217427
0.218618
0.219847
0.201265
0.21926
0.217874
0.218039
0.220573
0.215658
0.200921
0.215759
0.222419
0.216872
0.221088
0.219848
0.216472
0.221287
0.215958
0.198594
0.217349
0.219055
0.212192
0.214464
0.2204
0.218974
0.219241
0.200139
0.218319
0.219609
0.213735
0.217167
0.21683
1.59733e-05
0.213613
0.222456
0.218581
0.217222
0.219456
0.21948
0.183237
0.214837
0.211571
0.211149
0.135363
0.221941
0.214872
0.218712
0.215503
0.21784
0.217259
0.21758
0.218506
0.216489
0.208429
0.218322
0.221017
0.214895
0.217275
0.211417
0.219362
0.215204
0.217828
0.217309
0.211405
0.221668
0.213671
0.222111
0.223953
0.214782
0.213173
0.212821
0.22085
0.203212
0.218904
0.223871
0.209801
0.212195
0.210065
0.220251
0.217998
0.220026
0.220019
0.21756
3.19462e-05
0.217409
0.216958
0.212832
0.215203
0.213845
0.213248
0.221308
0.215702
0.219555
0.209675
0.204074
0.219934
1.95219e-05
0.219389
0.223482
0.217058
0.217917
0.215856
0.215905
0.220695
0.221445
0.218592
0.214237
2.30721e-05
0.214063
0.218329
0.219504
0.218061
0.21764
0.218209
0.218404
0.216718
0.220408
0.221081
0.219303
0.217195
0.218744
0.212255
0.217047
0.220629
0.221613
0.21308
0.22292
0.217841
0.217684
0.220336
0.220421
0.22054
0.216402
0.222217
0.218519
0.213201
0.21373
0.212611
0.219111
0.216028
0.215352
0.214507
0.205819
0.216924
0.218578
0.216411
0.20911
0.219538
0.217324
0.214435
0.215267
0.215613
0.221327
0.213344
0.218154
0.212732
0.215252
0.215866
0.216665
0.218363
0.219075
0.216793
0.218477
0.216552
0.202334
0.217349
0.221745
0.211886
3.01709e-05
0.222899
0.20251
0.216616
0.216317
0.221129
0.219176
0.217744
0.223188
0.215987
0.220877
0.2167
0.215
0.220578
0.213907
