4.61436e-05
0.234488
3.90449e-05
0.238833
0.237802
0.24054
0.238182
0.234295
3.19443e-05
0.239369
0.232169
0.236077
0.239147
0.236384
0.236888
0.238264
0.239532
0.235111
0.240028
0.242319
0.237659
0.238044
0.237522
0.239166
0.236181
0.237749
0.24005
0.236597
0.238539
0.235925
0.241585
0.241776
0.242643
0.23393
0.236219
0.237919
0.23729
0.237677
0.23855
0.240338
0.195892
0.241067
0.237396
0.237135
0.235102
0.236941
3.54948e-05
0.240449
0.237643
0.234312
0.235046
0.236503
0.236549
0.239475
0.23866
0.23629
7.45388e-05
0.239671
0.238773
0.226288
0.24173
0.239362
0.236883
0.242842
0.238388
0.238101
0.238677
0.236219
0.237587
0.23787
0.240381
0.238916
0.238554
0.237518
0.239194
0.238633
0.236475
9.76127e-05
0.23952
0.235093
0.239083
0.23775
0.238701
0.24187
0.235154
0.236899
0.235438
0.239305
0.238893
0.237073
0.236622
0.2398
0.235052
0.240377
0.238934
0.239549
0.238286
0.238793
0.239001
0.229433
0.2362
4.08197e-05
0.237979
0.232624
0.235074
0.234819
0.235642
0.238516
0.236566
0.237694
0.238602
0.237774
0.239299
0.235124
0.239372
0.238632
0.237185
0.237006
0.212927
0.237506
0.23598
0.23586
0.237712
0.239217
0.238375
0.234256
0.233935
0.229395
0.23532
0.241148
0.219343
0.238437
0.238285
0.234853
0.236492
0.238732
0.237882
0.240369
0.236879
0.240363
0.238567
0.236877
0.234592
0.236799
0.238776
0.237674
0.2387
0.236461
0.239411
0.238653
0.236082
0.239012
0.238683
0.239277
0.239165
0.237281
0.229425
0.236282
0.241461
0.234887
0.233635
0.239362
0.239224
0.242215
0.238477
0.23676
0.238781
0.234281
0.239309
0.237508
0.236819
8.5186e-05
0.238935
0.238957
0.237176
0.236092
0.23855
0.233507
0.236347
0.23745
0.241513
0.233995
0.241411
0.237031
0.238068
0.242368
0.236235
0.234491
0.236945
0.240614
0.239572
0.209188
0.239281
0.238052
0.236375
0.236879
0.237565
0.239237
2.66218e-05
0.236489
0.236199
0.239429
0.240632
0.233163
0.235295
0.23967
0.240951
0.236538
0.236895
0.237511
0.23624
0.239861
0.234087
0.237598
0.238041
0.24044
0.238081
0.236034
0.23972
0.239109
0.237738
0.237348
0.236932
4.08194e-05
0.240636
0.234793
0.239902
0.238843
0.239846
0.235305
0.238942
0.240376
0.235713
0.232695
0.240311
0.233632
0.237407
0.235869
0.235282
0.239129
0.237429
0.239084
0.240795
0.236841
0.238406
0.240881
0.234074
0.232869
0.237882
0.238678
0.239844
0.234505
0.239557
0.235999
0.240175
0.238276
0.236268
0.238486
0.234429
0.233527
0.241218
0.236555
0.23556
0.238846
0.237148
0.240298
0.240474
0.236191
0.237471
0.240686
1.59733e-05
0.000106487
4.25927e-05
0.235456
0.235997
0.240582
0.238526
0.238565
0.233798
0.239332
0.233328
0.239621
0.236887
0.237713
0.240973
0.237906
0.237221
0.23871
0.24023
0.235824
0.238213
0.240116
0.238746
0.236445
0.230899
0.239344
0.235216
0.239866
0.216544
0.23697
0.232107
0.234097
0.24267
0.239938
0.237171
0.236956
0.239753
0.239198
0.236092
0.240336
0.236309
0.238791
0.240256
0.238493
0.237898
0.229221
0.238128
0.236598
0.238082
0.233836
0.236869
0.238079
0.23749
0.238585
0.233959
0.239418
0.235264
0.237553
0.236967
0.239035
0.241069
0.238
0.233453
0.239809
0.238864
0.237701
0.239209
0.237497
0.237219
0.242203
0.236941
0.236592
0.238168
0.239519
0.238721
0.240372
0.23604
0.235929
0.239508
0.239276
0.235997
0.241369
0.238523
0.238211
0.235154
0.23718
0.226107
0.233744
0.241546
0.239211
0.238235
0.239024
0.238374
0.236457
0.237838
0.236115
0.239654
0.2386
0.237677
0.238699
0.23909
0.237537
0.236398
0.2405
0.238565
0.239343
0.239242
0.241161
0.23773
0.240164
0.239508
0.23967
0.236399
0.23675
0.239259
0.235127
0.240709
0.23695
0.239301
0.238292
0.238839
0.238655
0.239259
0.24039
0.2381
0.238383
0.242025
0.235042
0.23881
0.235627
0.237989
0.237633
0.235665
0.238647
0.219285
0.239362
0.239203
0.239453
0.238145
0.237556
0.235919
0.238565
0.239503
0.237334
0.239557
0.23805
0.241163
0.236264
0.238839
0.234391
0.239892
0.242117
0.238931
0.235434
0.228128
0.236989
0.236147
0.240521
0.240932
0.235335
0.240138
0.240381
0.238246
0.236429
0.240111
5.50171e-05
0.238421
0.237084
0.23969
0.235735
0.236604
0.234236
0.238509
0.236302
0.241712
0.239154
0.238105
0.237913
0.235945
0.239129
0.21141
0.238962
0.238703
0.235329
0.238282
0.237327
0.238377
0.236964
0.239313
0.235499
0.238789
0.235985
0.238089
0.241394
0.241258
0.234658
0.23539
0.237004
0.238489
0.240678
0.236875
0.238032
0.237838
0.237496
0.235823
0.23764
0.239287
0.236028
0.239974
0.237507
0.234826
0.24119
0.236683
0.239554
0.234431
0.24034
0.23737
0.2386
0.239203
0.237759
0.234564
0.239997
0.238177
0.238706
0.235662
3.72699e-05
0.236201
0.240263
0.240985
0.231959
0.238847
0.237379
0.236824
0.239383
0.238042
0.233802
0.233111
0.239073
0.220808
0.238978
0.237342
0.241218
0.237789
0.239173
0.238072
0.238051
0.225611
0.232568
0.236467
0.241476
0.238772
0.241511
0.240429
0.240152
0.240112
0.236232
0.235932
0.238212
0.237013
4.25954e-05
0.239009
0.238315
0.238716
0.239062
0.238514
0.237891
0.240235
0.239893
0.239382
0.240696
0.240387
0.231204
0.23326
0.235026
0.238725
0.24197
0.23593
0.219981
0.238626
0.239493
0.238774
0.239401
0.237612
0.23871
0.239086
0.226591
0.237351
0.235274
0.242045
0.234897
0.236349
0.238467
0.225626
0.236385
0.233994
0.239505
0.238229
0.23752
0.237257
0.237941
0.23876
0.23814
0.235846
0.236558
0.240564
0.237347
0.239059
0.236842
0.235655
0.235422
0.237808
0.224921
0.237089
0.235679
0.237325
0.239786
0.239308
0.239292
0.240154
0.240381
0.239478
0.238807
0.240288
0.235606
0.236501
0.236459
0.239246
0.236581
0.238315
0.238769
0.240431
0.238536
0.238437
0.235481
0.237816
0.239894
0.235156
0.234999
0.238312
0.236201
0.237264
0.238652
0.2348
0.238062
0.239189
0.237436
0.238001
0.239651
0.240417
0.237866
0.237594
0.238335
0.236819
0.234558
0.235466
2.66203e-05
0.237836
0.237376
0.238965
0.224263
0.240361
0.238968
0.232207
0.233764
0.239174
0.237986
0.238236
0.240935
0.237723
0.237759
0.238805
0.236631
0.237484
0.24073
0.23986
0.230572
0.239907
0.236486
0.237412
0.237343
0.239707
0.237982
0.238289
0.236759
0.237299
0.239044
0.240068
0.240305
0.238195
0.237508
0.234692
0.235595
0.24169
0.23715
0.238667
0.234176
0.211218
0.237969
0.237959
0.234868
0.238354
0.237164
0.236831
0.241293
0.2372
0.239344
0.237768
0.23582
0.237133
0.237647
0.230778
0.234261
0.237209
0.238898
0.23683
0.239627
0.235852
0.238791
0.241732
0.23888
0.23746
2.30708e-05
0.2399
0.238662
0.237244
0.234969
0.232676
0.239194
0.233275
0.233151
0.239107
0.238811
0.24021
0.236973
0.23907
0.235294
0.234222
0.236547
0.238404
0.239368
0.237603
0.240779
0.238801
0.238337
0.23742
0.236286
0.236361
0.237662
0.235271
0.241538
0.237719
0.236518
0.242044
0.239638
0.23654
0.236701
0.238201
0.239047
0.235859
0.236511
0.234047
0.239595
0.233673
0.238454
0.235042
0.235533
0.239171
0.239589
0.23812
0.22208
0.238616
0.236086
0.236463
0.236434
0.239764
0.239208
0.240275
0.237336
3.72713e-05
0.236297
0.236678
0.237365
0.234035
0.237301
0.235876
0.238648
0.241802
0.238083
0.23427
0.237309
0.239462
0.239445
0.235745
5.32425e-05
0.235232
0.239878
0.241627
0.238673
0.242126
2.48471e-05
0.236158
0.240048
0.236622
0.237394
0.24047
0.234851
0.240284
0.236588
0.237395
0.233383
0.238149
0.236839
0.241611
0.238338
3.54947e-05
0.239043
0.235152
0.237681
0.235157
0.239646
3.37205e-05
0.237659
0.235534
0.233394
0.240882
0.238183
0.237227
0.237271
0.239827
0.238175
0.237252
0.239038
0.240267
0.000138429
0.237785
0.238034
0.236732
0.239544
0.238059
0.236829
0.238737
0.236419
0.238443
0.240189
0.241782
0.243671
0.240465
0.237276
0.225193
0.238221
0.241187
0.239587
0.234629
0.237628
0.237618
0.238281
0.237859
0.235664
0.240004
0.238137
0.237416
0.241725
0.235515
0.237399
0.236246
0.237542
0.240277
0.24194
0.238152
0.238491
0.238615
0.240578
0.237764
0.24025
0.238349
0.238524
0.236446
0.236535
0.237054
0.236767
0.237971
0.237778
0.239836
0.236156
0.240928
0.237262
0.236388
0.238381
0.238706
0.237519
0.232313
0.237611
0.240236
0.236142
0.236906
0.230875
0.241454
0.241492
0.234679
3.37202e-05
0.238502
0.237458
0.239011
0.234851
0.237814
0.237474
0.241605
0.233203
0.238209
0.236568
0.239458
0.240425
0.237019
0.2347
0.240503
0.235718
0.239763
0.237187
0.23801
0.23727
0.240301
6.212e-05
0.235113
0.235781
0.236715
1.59734e-05
0.23673
1.59726e-05
0.236813
0.239735
0.238237
0.242043
0.235336
0.24224
0.240388
0.237307
0.23606
0.241993
0.241975
0.234559
0.238305
0.239333
0.236186
0.241908
0.236782
0.242766
0.240391
0.23788
0.237416
0.237245
0.243036
0.237159
0.237582
0.239517
0.238365
0.234749
0.236338
0.238134
0.238687
0.237885
0.237137
0.235765
0.238623
0.236334
0.240788
0.239395
0.195497
0.239934
0.236546
0.23694
0.239707
0.238761
0.239223
0.239159
0.238556
0.237138
0.239986
0.238985
0.238781
0.239304
0.239162
0.235355
0.207534
0.237346
0.235295
0.239053
0.225555
0.236224
0.236194
0.240745
0.242153
0.238963
0.237667
0.240092
0.239219
5.50187e-05
0.235547
0.238149
0.239734
0.240598
0.238213
3.37196e-05
0.2359
0.238094
0.236865
0.235504
0.233887
0.235196
0.238414
0.237397
0.237478
0.236852
0.23858
0.239548
0.240122
0.237377
0.234715
0.238062
0.23798
0.237385
0.240731
0.238969
0.23914
0.240485
0.239152
0.235492
0.239266
0.24059
0.237911
0.235641
